w,flux
4.986474415000001,1.2205236362238052
4.985103516000001,0.372296819598816
4.983732811666667,0.25915416035318845
4.98223789,0.1778868386380203
4.98074349,0.23019320035567536
4.979373986000001,0.21972826714125912
4.978004881666667,0.24377315547169975
4.976511848333334,0.2659591991048589
4.975143438,0.24335366939168232
4.973775456666667,0.28677783881010793
4.972283595000001,0.24797413762869916
4.970792186666667,0.28955812546492193
4.969425392000001,0.23515206342871858
4.96805905,0.24977195454327103
4.966568945000001,0.26825537393574506
4.965079165000001,0.29313925141179287
4.9637140639999995,0.299129421240895
4.962349218333333,0.283393198436765
4.960860741666668,0.25598530365258176
4.959372721666666,0.282602281235687
4.95800914,0.2739681362493752
4.956645963333334,0.2961688718075108
4.95515918,0.2810580010303204
4.953673048333334,0.2701620394018328
4.952310936000001,0.3015811248500636
4.950949218333333,0.2835674978502713
4.949464256666667,0.27006251688331995
4.947979621666667,0.24465202121022733
4.946619142,0.25271255703639495
4.945259180000001,0.30420766033696733
4.943775715,0.27795757105273794
4.94229284,0.28886830096673255
4.9408104150000005,0.2760657196589037
4.9394518739999995,0.2966499396034561
4.93809375,0.2376261092337626
4.936612630000001,0.28464352880650023
4.9351319,0.2601211060779744
4.933774920000001,0.27524345398610983
4.93241836,0.2769143303985512
4.930938931666667,0.284468241128721
4.929459960000001,0.2982045718037425
4.927981315,0.27097799084684815
4.926626328,0.2814568345741431
4.925271745000001,0.2550309100761651
4.923794401666667,0.3058149692661742
4.922317576666666,0.2860483122681359
4.9208410816666674,0.2628610085364716
4.919488046000001,0.26758120668381785
4.918135416666667,0.25624980290031835
4.916660286666667,0.25627422162371294
4.915185481666667,0.2974286842225687
4.913711133333333,0.29538568933344855
4.912360234,0.2874503117242527
4.911009505000001,0.3161241421647028
4.909536393333334,0.2705211841937101
4.908063866666667,0.305268037577858
4.906591798333334,0.3196824414131362
4.905242578000001,0.28317355847393155
4.903893880000001,0.31032580390929
4.902423046666667,0.30988783705460377
4.900952473333334,0.29264494026045773
4.899482486666667,0.28385231621655
4.898135234,0.2691296612421308
4.896788606666667,0.302640356052453
4.895319791666667,0.2810260036052338
4.8938514333333325,0.3155516470025742
4.89238353,0.320334974432382
4.890916015,0.28040152499916543
4.889571248,0.2653323756942172
4.888226889999999,0.30036897695152953
4.886760740000001,0.2875610705725008
4.885294925000001,0.3172161651695488
4.883829555,0.2818287348179643
4.88236465,0.29882945229198626
4.880900195000001,0.2816523928776962
4.8795582,0.3010315795651945
4.878216535,0.288709352749
4.876753320000001,0.2951063872162922
4.875290625,0.2962275498838278
4.873828255,0.29052829465348823
4.87236634,0.2962960233057384
4.871026638,0.3169660121544391
4.8696873683333335,0.3071351707919374
4.86822676,0.30230368224102977
4.8667666,0.32785023434746885
4.865306640000001,0.3037791641771136
4.8638473300000005,0.2628843818578055
4.862388476666666,0.3254820061752541
4.860930011666667,0.31390012314319626
4.859593360000001,0.31865130303559014
4.858257291666667,0.31751576571838547
4.856800065000001,0.3025312052437755
4.855343360000002,0.3379876451254794
4.853886913333333,0.29938394077436015
4.852431055,0.32288601533601785
4.850975586666667,0.34411967152764444
4.849520508333334,0.2851358738647181
4.8481871100000005,0.3152708023664019
4.846854101666667,0.3102212929287914
4.84540026,0.333783073592055
4.843946875,0.28471450411280963
4.842493945000001,0.36673280421468196
4.841041471666666,0.33166232874313967
4.839589453333334,0.3399053290483705
4.8381378250000004,0.3389796787115885
4.836686588333334,0.3560451263797348
4.8353566400000005,0.35881744332178844
4.834027278333333,0.30093861622055035
4.832577343333335,0.3278905939844622
4.831127798333333,0.2715654850716286
4.829678646666666,0.3492288917541869
4.828230078333333,0.3014361623189838
4.826781836666667,0.32272947261669216
4.82533405,0.3117572036473489
4.823886718333333,0.25412447960186646
4.822439778333334,0.3401575425955047
4.820993228333333,0.3233044246961443
4.819667656000001,0.31807569603645675
4.8183425783333345,0.3352201308339294
4.816897265000001,0.3366386921025308
4.815452410000001,0.37563470228066576
4.814008075,0.33182598648494044
4.8125640616666665,0.35759828310532626
4.81112064,0.39183891929596837
4.809677605000001,0.335681982505755
4.808234895000001,0.33587219290646114
4.806792643333334,0.31229559394616396
4.805350975,0.28637377657361246
4.80390957,0.31329460635267226
4.80246862,0.2739807013532795
4.801028123333333,0.2824168224904043
4.799708046000001,0.3199543655770197
4.798388346666666,0.30627470250786104
4.796949218333333,0.3021314737301144
4.795510286666667,0.3008329366833628
4.794071875,0.2853965406111735
4.792633854999999,0.295277215537358
4.7911964199999995,0.3164832374076271
4.78975918,0.33775737730181943
4.788322525,0.3108168903367169
4.786886328333334,0.2816178062963116
4.785450586666667,0.29366806792950867
4.78401517,0.3032062836238194
4.782580141666668,0.30936331005602985
4.781145703333333,0.2754899675960402
4.779711521666667,0.29283256385674555
4.778277865000001,0.29657851788795647
4.776844661666668,0.30935177712848677
4.775411783333333,0.3116218531149122
4.773979491666667,0.322601977163034
4.772547525,0.3062456791050703
4.771116016666667,0.29761018474028844
4.769684959999999,0.32083743334708287
4.768254231666667,0.2961236156340762
4.766824023333334,0.30430303269410375
4.765394140000001,0.2821245114607766
4.7639649083333335,0.32426481110519345
4.762535938333333,0.27468356214253276
4.761107485,0.3331891407227001
4.759679365000001,0.31215328949932
4.758251755,0.28143023858385846
4.756824480000001,0.31458393866819917
4.755397658333334,0.28897383484710265
4.753971285,0.30100770512149566
4.752545375000001,0.30597595378435344
4.751119920000001,0.3032962847112114
4.7496949200000005,0.273656224991995
4.748270115,0.34018324289421803
4.746845895,0.30495191642893316
4.74542207,0.2983985583695716
4.743998700000001,0.32729306615707154
4.74257565,0.27958176424617953
4.741153256666667,0.2938445594751987
4.73973112,0.31631189436043783
4.738309375,0.30987434116329654
4.736888215,0.3123224025810296
4.735467385,0.28977696557641874
4.73404694,0.2674356072191254
4.732627083333334,0.3046934264245354
4.7312074866666665,0.31138270058450457
4.729788411666666,0.3046908364063991
4.728369726666666,0.3463159676089881
4.726951368333333,0.3234950777793534
4.725533593333333,0.31553549815305465
4.724116146666668,0.3357714641736333
4.722699218333333,0.3294381741327729
4.721282618333333,0.30528826433526807
4.719866471666666,0.30968580744903657
4.718450781666666,0.3045986038264331
4.717035546666667,0.3074355091995311
4.715620638333334,0.2777189677455658
4.714206185,0.2998112552518557
4.712792186666666,0.28868311483360165
4.711378710000001,0.29656896159138446
4.70996543,0.3568579399807319
4.70843499,0.29615537197260666
4.7069050783333335,0.2891092823734137
4.705493163333335,0.33152070210811635
4.704081771666667,0.32457225304445203
4.7026707666666665,0.29374054821221823
4.701260286666666,0.3274363885429161
4.69985013,0.28429428987887134
4.698440428333334,0.31702580063640085
4.697031185,0.32801262754934923
4.695622266666667,0.30390030697106496
4.694213866666668,0.3254126158728602
4.69280586,0.33518108370651706
4.691398241666667,0.28269468865740127
4.68999108,0.2937529392790159
4.688467187142857,0.2999626855567596
4.68694375,0.3322882378314466
4.68553776,0.27316460227788264
4.684132421666667,0.32941635162785426
4.68272741,0.27272746258846464
4.681322786666667,0.280223295873847
4.6799185549999995,0.28524677909098595
4.678514908333333,0.28924355676213936
4.677111588333332,0.30864179885920007
4.675708789999999,0.32366810514294153
4.67430625,0.30129274716766913
4.6727875,0.30285279374471985
4.671269140000001,0.30413996901316814
4.669867905,0.30642739963560817
4.668467186666668,0.2973209127653306
4.667066861666666,0.23625342905222171
4.665667056666667,0.3118291498278912
4.664267383333333,0.28948246120559407
4.662868554999999,0.29831357124402497
4.661469921666666,0.28183405094284897
4.65995519,0.2748947430356302
4.658441015,0.30512822741881773
4.657043750000001,0.29974606663772574
4.655646875,0.29684095909722674
4.654250389999999,0.2942969961327668
4.652854296666667,0.2729830444670125
4.6514587233333335,0.3257414808782141
4.6500635416666665,0.3065988996028267
4.6485527342857145,0.26256144869522835
4.647042056666666,0.3156892047817682
4.645648176666667,0.32516496062948796
4.644254686666667,0.2970857862714187
4.642861718333335,0.28281752243247593
4.641469140000001,0.3432213432278395
4.6400769550000005,0.28996404486404936
4.638569195714286,0.3263562227366368
4.637061913333333,0.2841068199983477
4.635671030000001,0.2892480417718099
4.634280596666667,0.33737476564334
4.63289043,0.31532902817608505
4.631500915,0.30577622022506545
4.629995978571428,0.2888349261215572
4.628491469999999,0.34060609344712567
4.627103255000001,0.29663455345070927
4.6257152349999995,0.2770078776370639
4.6243278,0.29573214982054136
4.622940755000001,0.3186130861022921
4.621438558571429,0.29449810385078046
4.619936846666667,0.3275305670050594
4.618551175,0.31769614843345517
4.61716582,0.29775787696021755
4.615780923333333,0.3180427210970299
4.614396485,0.31155749765398316
4.612897042857142,0.30360940513673107
4.611398176666667,0.35815758586615126
4.61001491,0.31157843569113636
4.608632161666666,0.29374833636849373
4.6072498049999995,0.3691341550737721
4.605752845714286,0.3484673047530958
4.604256185,0.29177954447217713
4.602875195000001,0.34260152328445054
4.601494531666668,0.3462527893061648
4.600114323333334,0.29668765189149315
4.598619532857143,0.3296935491534596
4.597125325,0.3031320493956443
4.595746355000001,0.30973812952382757
4.594367968333333,0.307872848671882
4.592989843333335,0.3145683810913024
4.591497432857143,0.3309042019408054
4.590005468333333,0.29639634554512195
4.588628646666667,0.3335420064499492
4.587252343333333,0.3088437007142216
4.5858763666666675,0.3310548790626937
4.5843862714285715,0.31456494959226367
4.582896613333333,0.3680492525432653
4.581522005,0.3451364176918998
4.580147786666666,0.341583850477213
4.578659431428572,0.37102276505737497
4.577171745,0.3972819160079955
4.575798828333334,0.349545961036289
4.574426366666667,0.39389162357639634
4.5729399,0.38190939670229584
4.571454036666666,0.42228578145884055
4.570082748333333,0.36235971085888335
4.568712045,0.39282964171973855
4.567227454285715,0.3714993280346389
4.56574336,0.3913621777045411
4.56437396,0.4171419533665497
4.563004753333334,0.3972649737460112
4.561522098571429,0.38236847441934735
4.56003991,0.4365502681371235
4.55867207,0.4339863263375238
4.557304818333334,0.46646151378675804
4.555823938571429,0.52050186564038
4.554343555,0.4808631668776703
4.552977538333334,0.474952196224327
4.551611848333333,0.4807095566344571
4.550132811428572,0.4956411200305417
4.548654361666666,0.5199746649510384
4.547289843333333,0.4536560095514666
4.545926041666666,0.4600461574845397
4.544448884285715,0.4444177313700888
4.542972265,0.5375863384045623
4.541609505,0.5079179207175244
4.540133815714286,0.5254612160519667
4.538658465000001,0.49505710633198513
4.5372972,0.5392498429356318
4.535936196666667,0.5798497692208502
4.534462331428572,0.5689015811306106
4.532988868333334,0.5736023642351313
4.531629296666667,0.6428839380446321
4.530156752857144,0.7526663864169141
4.528684700000001,0.7500167008670147
4.527326368333333,0.6160910994409632
4.525968358333333,0.6509040058410633
4.524497711428571,0.779128345384196
4.523027538333333,1.0675898223461049
4.521670898333334,1.1124275515443698
4.520201618571429,1.3885963032516786
4.518732813333333,1.6165529521517803
4.517377473333333,1.0574895812003857
4.515909487142857,0.9548986931076903
4.514442188333334,1.0143841900290493
4.513088085,1.269880002730015
4.511621595714287,1.6702875361625715
4.510155600000001,3.1654872264885183
4.508802798333334,2.3716230021255744
4.507337667142857,1.1616201016024834
4.50587305,0.7336978066119821
4.504521548333334,0.620284164881203
4.5030578100000005,0.5699379118453037
4.501594659999999,0.5177139259712048
4.50024453,0.4671940023647008
4.498782141428573,0.5445205072084399
4.497320244999999,0.4836788138303266
4.495971286666667,0.5648573067218801
4.494510438571428,0.5657680888125075
4.493049870000001,0.6272612242482015
4.4917022116666665,0.8757334842941056
4.490242747142858,1.4658152884221676
4.488783658333334,-0.9038846371189828
4.487437304999999,0.2828280093415963
4.48597913,0.006351207730231956
4.484521485,-1.1625974530097705
4.483176301666667,2.155158394455747
4.481719531428571,1.448362020052647
4.48026328,2.3018335785221176
4.4788074785714285,1.9433941199500213
4.477352148333334,-2.4767697847023378
4.47600918,-0.14356716469575886
4.474554742857143,0.9399792394915849
4.473100781666667,0.17526637949999269
4.471759049999999,1.428674467824179
4.470306025714287,-4.987467508922629
4.468853514999999,0.8761803788091429
4.467401338571428,0.8785998463053886
4.465949675,0.5131477096860404
4.464610156666668,16.444417490728952
4.463159431428572,2.445378271456186
4.46170918,-1.0566023252781525
4.460259375714286,2.51723077016915
4.45881009,1.7132827109580113
4.45747272,1.1817187162319767
4.456024275714285,0.6807932739723401
4.454576366666667,0.6456507880791258
4.453128907142858,0.7436009649057715
4.4516819,-6.015160767010811
4.450346548333334,2.720953156409643
4.448900501428572,-0.034068445406132866
4.447454883333334,-0.29971500763191056
4.446009765714286,0.2699263351356245
4.4445650400000005,1.4669700669430474
4.443231965,3.5951137016294403
4.441788171428572,5.757914947627901
4.440344855,-1.978710045808884
4.4389020085714295,0.673457631498218
4.437459764999999,-3.614476896313841
4.436017744285714,-0.19226006444043425
4.4345762366666674,-0.38625737215365286
4.43324616,-0.17897721812221537
4.431805635714286,-0.24475180575010946
4.430365495,-0.1503907245205626
4.428925948571428,-0.24417227126970326
4.427486848333333,-0.4412832918587233
4.426048158571429,-0.5498099993482078
4.4246099600000015,-7.057568065181377
4.423172265714285,0.21928746684540323
4.421734961666665,-0.029187194901201134
4.420408723333334,0.11071690471991366
4.418972267142858,0.17334893088402317
4.417536395,0.080483404528002
4.41610095,0.0607115230412627
4.414666016666667,0.03934971180058205
4.41323152857143,0.182087752461796
4.411797526666667,-0.187749412981208
4.410363951428572,-0.06326743228703244
4.408930795,-0.043630910949364526
4.407498214285715,-0.07204969797268122
4.406066015,-0.30675278405559464
4.40463432,0.40192869057946806
4.403203125,-0.6265095661279538
4.401772321428572,-0.5975506647794139
4.400342058333333,0.3262853374849806
4.399022071666667,0.19164252024629935
4.397592688571429,0.2565818174877498
4.396163801666667,0.17498195323965793
4.394735267142857,0.05799300574031806
4.393307226666667,-0.4859091015256944
4.391879742857143,-1.4176939080184654
4.390452735,1.4635475663874187
4.38902594857143,0.5833429124875563
4.38759987,-0.45899446963703516
4.386174164285714,-0.1451411828864861
4.384748826666666,-0.15170253281100862
4.38332422,0.010681320054508668
4.381899805000001,0.013640249376285489
4.380475947142857,0.05549114444156569
4.379052540000001,0.05096858840094084
4.377629634285714,0.06774949515086731
4.376097771428571,0.05676751458795362
4.374675785,-0.04484273417405815
4.373254300000001,-0.08240032163067613
4.371833205,-0.14890965468868972
4.370412667142857,-0.1005485479414578
4.368992575,-0.0868609418826162
4.367573048571429,0.2321789329689552
4.36615371,0.16375394595600856
4.364734988571429,0.24088327079774774
4.363316665,-0.44414794660994605
4.361898884285715,0.029048896505546706
4.360481575,0.170105974757083
4.359064621428572,1.3732964213414758
4.357648241666666,-0.2723146388251486
4.356232254285715,-0.06347207170481786
4.354707868571429,-0.1831188403402472
4.353292903333333,-0.9002363528741019
4.351878235714286,0.6203592823983626
4.350464256666667,-5.467064981130489
4.349050612857143,1.6324724452195232
4.34763737,-0.38335629881193867
4.346224665714286,-0.050223265581194054
4.344812500000001,0.006950667468349166
4.343400614285715,0.0010496012858369694
4.3418807471428575,0.016959619362638526
4.340469921666667,-0.37115510924092915
4.339059542857143,-0.028384938949519156
4.3376495450000006,-0.051689192598178446
4.336240232857143,0.9126102124490877
4.3348310549999995,0.2886846071894659
4.333422545714286,0.2420925233037241
4.331906138571428,0.1596521228451096
4.330498566666667,0.10469400223222157
4.329091405714286,0.8120188209197283
4.327684766666667,-0.5771061832378934
4.32627846,0.2810987463077615
4.324764565714286,0.5886374679541378
4.323359245,0.007044447950049437
4.321954464285715,0.015752762095059818
4.320550195,0.01104902594763249
4.319146148571429,-0.014108225907246183
4.317634765714286,-0.45788286475043305
4.316231835,-0.3859382174834044
4.314829297142858,0.4370575722102054
4.31342728,-1.062182523394482
4.312025615714286,0.018632141427089827
4.310516685714286,-0.04381416523319435
4.309116015000001,-0.17911345523773645
4.307715904285714,0.05186153588297283
4.306208425714286,-0.2525484726307876
4.30480918,-0.18584797246996337
4.303410378571429,-1.6636091896345049
4.302012045000001,0.006954351444554463
4.300614174285715,-0.03170457966919535
4.299109264285715,-0.040903929715494135
4.29771224,-0.4109904272863301
4.2963157914285715,-0.045251153351075435
4.294812388571429,0.049888966208377836
4.293416798333333,-0.862889219864972
4.292021762857143,0.7803698945893481
4.29051981,0.48295202376291957
4.289125586666667,-1.4912247613914493
4.287731918571429,-0.49321051871422183
4.286338736666667,-0.05585168757709649
4.284945925714286,-0.7766025236546178
4.283446484285715,-0.3252181785138951
4.282054686666666,0.2648523914598738
4.280663281428571,0.43496691101815427
4.27916529,-0.09211681591937333
4.277774805,-0.4007559041327373
4.276384765714286,0.2697840912452661
4.274888394285714,0.8073686086575323
4.273499413333334,1.2016506286922446
4.272110658571428,0.00801748291862488
4.270615735714285,0.03350712501642522
4.269121317142857,0.03588624866761173
4.267734113333333,-0.17165554628193774
4.266347321428572,-0.3577721782677457
4.264854408571429,-0.7773431969543985
4.263468555,0.06280839291361703
4.262083314285714,2.929500444638113
4.260591797142856,12.005070699212137
4.259207355,0.5356063717176349
4.25782344,0.019048037459951084
4.256333424285715,0.08934291170762024
4.254950455,-0.042821046429407816
4.253567802857143,-0.29028605510970995
4.252079355714287,-0.08302809790645378
4.25059141,-0.07759444354307882
4.249210225000001,-0.11366687214876459
4.247829578571429,-0.00775360328474658
4.246343081428571,0.009301109206370527
4.24496328,-0.017422059000323366
4.243583872857143,-0.07663328425910226
4.242098830000001,0.06790800699363529
4.240614562857143,-0.2218437516462808
4.239236590000001,0.2341454092076428
4.237859095714286,0.1266093526179603
4.236376114285714,0.14674013696316482
4.23489375,-0.006462003128194958
4.23351758,0.11168336276034171
4.232141964285715,0.2906628713702128
4.230661048571429,0.08570111037761424
4.2291805799999995,0.5548360019717569
4.22780638,0.25787862289032193
4.226432478571429,0.2043859879331483
4.224953627142858,0.16145439265964162
4.223475167142857,0.28867514196736976
4.2221028,12.66586199108923
4.220730914285714,1.5330351698415527
4.219253905714286,-0.2659535668711076
4.217777455714286,0.43467993880562117
4.216406965,0.04417035188071951
4.215036830000001,-0.04841312659583614
4.213561941428572,0.22609628015977234
4.2120875,0.27820654277730583
4.210718945,0.28912433415701344
4.209350557142858,0.22514185451229893
4.207877621428572,0.4329546345098883
4.206405134285714,0.13943196439350375
4.204933202857142,0.8914967233110465
4.203566798333334,0.5743498982322526
4.202200891428571,-1.0359701845328417
4.200730468571429,-1.46923423532523
4.199260434285715,0.17404986339392353
4.197895963333334,0.25026143369827014
4.196531919999999,-0.3099029160575667
4.195063394285714,-0.011136279669642674
4.193595480000001,17.452399227258976
4.192128012857142,1.3751715826853648
4.190765885,1.6577492699563607
4.189404074285714,1.2252777386446247
4.187938004285714,0.9608367402524326
4.186472601428571,0.8569942301706004
4.185007645714287,0.8125308912690608
4.183543134285714,0.7407930714481292
4.182183725000001,0.7344065562699882
4.180824775714286,0.7109534452776368
4.179361718571429,0.689299238725064
4.177899330000001,0.658092061263981
4.176437332857143,0.6435035366866029
4.175080273333334,0.6339409173704194
4.173723605714286,0.6318401872659811
4.172263114285714,0.6290782257533071
4.170803124285715,0.6215308939112703
4.169343638571428,0.6325928433198174
4.167884655714286,0.6358973260978638
4.166426172857143,0.6458694214176885
4.165072331666667,0.6529082709725829
4.163718917142858,0.6618588676927856
4.162261885714286,0.6567855723558363
4.160805412857143,0.6577863171228466
4.159349441428572,0.659209170165391
4.157893917142857,0.6531617330851364
4.156439062857142,0.6531163143513053
4.155088411666667,0.6476066225996804
4.153738281428571,0.6409513570422651
4.15228471,0.6488191379894996
4.150831697142857,0.6399503620051897
4.1493792971428585,0.6371013852294527
4.147927344285715,0.6423999008478745
4.146475725714286,0.6405399323766034
4.14502472,0.6387058980754668
4.143677865,0.630574577054852
4.142331417142858,0.6305286571037119
4.140882030000001,0.6257722102246402
4.139432924285716,0.6236692187230631
4.137984375714286,0.6094222889777048
4.1365364414285715,0.6166811899280475
4.135088837142858,0.6137638958317378
4.133641855714285,0.5877381143962657
4.132195365714287,0.6016994167151645
4.13085267,0.5941093173823411
4.129510438571429,0.5995140898705256
4.1280654000000006,0.6042368400071885
4.126620867142857,0.6159543596026907
4.12517695,0.6290933031797968
4.1237333114285715,0.6417778182990206
4.122290231428571,0.6524625755715837
4.120847771428571,0.6508122525606794
4.119405748571428,0.6561018913045421
4.117964227142857,0.6493364989661644
4.1165232157142855,0.649124441158855
4.115082754285715,0.6284070133621957
4.113745574999999,0.6442452415418762
4.112408927142858,0.6413805446601878
4.110969808571428,0.6236899620671138
4.10953125,0.6430819100824121
4.108093192857143,0.6473447253753742
4.106655748571429,0.6469620510605631
4.105218638571428,0.6474282948786128
4.103782088571428,0.6457169221726412
4.102346094285714,0.6456165547745814
4.100910545714286,0.6404835737159608
4.099475557142857,0.6348121087808303
4.0980409600000005,0.6371339340708904
4.096606919999999,0.6306530129189636
4.095173492857143,0.6238302114747074
4.0937402899999995,0.6086580658705701
4.092307924285714,0.6099690244734784
4.090875837142858,0.6022512175338963
4.089444307142857,0.6044998190018611
4.088013337142858,0.5877603352265277
4.086582812857143,0.6125976250425099
4.085152788571429,0.6280440921392831
4.0837232142857145,0.6303430868832972
4.082294251428572,0.6532791936044087
4.080865735714285,0.6635707728081939
4.079437667142858,0.6620150836781308
4.078010157142858,0.6598782242844332
4.076583147142857,0.6581648639500594
4.07515664,0.6542461389236764
4.073730637142858,0.6498010654164648
4.072305134285714,0.6492538787472679
4.070880077142857,0.6469289924763845
4.069455524285714,0.6432696599436665
4.068031528571429,0.6629006681448556
4.066607980000001,0.6667214847386466
4.065185045714286,0.6379543165687853
4.0637625,0.6599930402733022
4.062340345714286,0.6635609212321555
4.060918918571429,0.6589692356052695
4.059497824285715,0.6363279911162798
4.058077287142858,0.6354846401425376
4.056657254285715,0.655316035318411
4.055237722857143,0.6523269295962757
4.053818694285713,0.6300122100533008
4.052400111428572,0.6089658968445393
4.050982142857143,0.6101360347018082
4.049564454285714,0.621005665486538
4.048147432857143,0.6211924028005169
4.04673086,0.6284140989600371
4.045314787142857,0.6474438555363756
4.043899219999999,0.6349338913204847
4.04248415,0.6781016540828053
4.041069585714285,0.6871396928935117
4.03965547,0.6983629659624732
4.038241852857142,0.7016371620528434
4.03672788125,0.7006699390102747
4.035214341428572,0.7005667878187632
4.033802344285714,0.6974754167897151
4.032390791428572,0.6980529683750434
4.030979687142857,0.6952757314725028
4.029569252857143,0.6915672243120361
4.028159151428571,0.695114076976386
4.026749554285714,0.678616996942492
4.025340457142857,0.6803771186428037
4.023932032857143,0.6830566749225307
4.022523827142857,0.6774210574909826
4.021116182857143,0.6741257175805553
4.01960859375,0.6805389009333006
4.018101562857143,0.6596162549661575
4.01669548,0.676876142990003
4.015289842857142,0.6592748286149894
4.013884877142858,0.6788939651086525
4.012480247142857,0.6658625715650058
4.01107617,0.6717775759945824
4.009672601428571,0.6683120446781342
4.008269530000001,0.6685958266953874
4.006866855714286,0.676221132219644
4.00536459625,0.6880087474877674
4.003863001428572,0.6978882046830821
4.002461887142857,0.7127124952102464
4.001061330000001,0.7188756306594744
3.999661330000001,0.6952094715220326
3.998261552857143,0.7225184952815735
3.9968624442857146,0.719102185637937
3.9953639625,0.7080798270331179
3.9938660157142856,0.7143155643520952
3.9924683599999997,0.714146062478549
3.9910713728571428,0.6900171912955605
3.9896747214285715,0.7079857512244916
3.9882786271428574,0.7107862003551365
3.986883091428572,0.7081324969946544
3.98538833,0.6924757928723547
3.9838941400000003,0.7150639201419001
3.9825000000000004,0.7179683808657992
3.9811064185714287,0.7117527703428833
3.979713281428571,0.7121696690342214
3.9783207042857143,0.7256246883925803
3.9768291012500008,0.7300657756954141
3.9753381142857145,0.7271583906703583
3.973947042857142,0.7436203526398568
3.9725564185714286,0.7470511501836252
3.971166294285714,0.7386911911380369
3.969776674285714,0.7196927895403948
3.9682883300000005,0.7412800985618395
3.9668005585714288,0.7494201537307449
3.9654124442857146,0.7490692807572178
3.964024832857143,0.7524221714690127
3.962637667142857,0.7434200123918393
3.9611521475000004,0.7497691561943024
3.9596669085714282,0.7506149997217663
3.95828125,0.7439203690692987
3.9568962042857145,0.7515038161080836
3.955511497142857,0.7527250970166647
3.9540285649999998,0.7428434834834405
3.9525460928571428,0.7459853555723128
3.951162945714286,0.7556617622008568
3.9497803571428576,0.7467405145211661
3.94829951125,0.7631607581224034
3.9468192528571424,0.7681051489043805
3.9454380571428573,0.7687952212853134
3.9440574785714286,0.7686658064596286
3.942677342857143,0.7711318428803026
3.9411990737500004,0.7690934699044496
3.9397214828571423,0.7666027468492181
3.9383429671428574,0.7637128096435768
3.936964842857143,0.7696630082737675
3.93548867125,0.7651662581874393
3.9340131700000005,0.7702280868218395
3.9326366071428573,0.78371416631257
3.93126038,0.779814558384192
3.92978652375,0.7780399950330363
3.9283131142857135,0.7790253285965616
3.9269385599999995,0.7814464040515537
3.9254662112500003,0.7721280563178267
3.923994474285714,0.7648572440936576
3.922621372857143,0.7933832248312624
3.9212487728571426,0.7978786172080012
3.9197785162500005,0.793245053634297
3.9183089285714283,0.7683136307812768
3.916937834285714,0.7972548874267692
3.915567187142857,0.7875480579405008
3.9140990237500004,0.7869947249892943
3.912631695714287,0.7672803390147317
3.9112625000000003,0.7441493718292171
3.9097961425000003,0.7691447885776546
3.9083302457142857,0.7855213757797663
3.9069625557142857,0.7627095184662159
3.9054977537499997,0.7847437020090519
3.904033538571429,0.7797763534800419
3.9026674100000007,0.7568400281814948
3.9013017314285725,0.7549544762348173
3.8998390612500002,0.7644230672940642
3.898376954285714,0.7369729167504877
3.897012722857144,0.7596320534765479
3.8955517087500007,0.7390141929715743
3.894091182857143,0.7675912282282854
3.892728571428573,0.7480083403756361
3.8912691412500005,0.7591665403580008
3.889810155714286,0.7881419354534756
3.8884489957142856,0.7683255198027021
3.88699116125,0.7699087413365835
3.8855338714285703,0.7726768735116681
3.8841741642857146,0.7978102845170769
3.882717820000001,0.8105423587050963
3.8812622214285715,0.8031486517809624
3.8799040771428572,0.8059629175459596
3.8784493612500004,0.7890981083883658
3.8769952542857147,0.8318965013960931
3.8755417950000006,0.8038391273984516
3.87408867,0.8139264950670726
3.872732977142857,0.7689532998577193
3.8712810537499998,0.8335630549447428
3.869829578571429,0.8141972231304292
3.868475445714285,0.8275913277180912
3.86702519625,0.8285594721795295
3.865575222857143,0.8332717953421948
3.8642226000000006,0.8208336561006709
3.862773876250001,0.805627728580723
3.861325557142857,0.8271281279046734
3.8598778325,0.8176781118070627
3.8584307485714286,0.8014314883107919
3.8570805242857147,0.8024402508641629
3.8556344250000003,0.8205777247634594
3.8541889514285717,0.8165352450401411
3.8527438962500007,0.8253018545379485
3.851299387142858,0.8352874338439035
3.849951731428572,0.8315802243250463
3.8485083012499994,0.8431029596177384
3.8470654014285715,0.841388727376954
3.8456230962500006,0.8395760486886883
3.84418125,0.8381644645244836
3.8427399900000005,0.8340417582953572
3.841299274285715,0.8315945637071602
3.83995519,0.8286809256131726
3.83851538,0.8257453218905716
3.837076284285715,0.822637417471164
3.835637695000001,0.816672865130238
3.8341996657142863,0.8327661743819734
3.83276211,0.8294317425140303
3.8313251671428574,0.8463818030731722
3.829984487142857,0.8498473259708678
3.8285484375000003,0.8504291919076669
3.827113058571429,0.8530297603449307
3.8256782224999997,0.8546281081090178
3.824243861428572,0.8549062439592279
3.8228101575,0.8510563615416393
3.8213768971428577,0.8489457256388899
3.8199441400000005,0.8534042886947919
3.8185119414285715,0.8453506745319608
3.81708037125,0.8158273858731829
3.8156492171428575,0.8333367864883687
3.8142186524999997,0.8454927328277787
3.812788672857143,0.8208803685035613
3.81135913125,0.8512350533005657
3.809930188571429,0.8530547902749894
3.808501807500001,0.8618711623798413
3.8070738828571433,0.8469529836862029
3.805741685714286,0.8703872327071001
3.8043147949999994,0.8673919146132447
3.802888504285714,0.8759559636930407
3.80146274375,0.8703759658685126
3.7999425287500004,0.8614029237485229
3.798517801428571,0.8659497546936509
3.79709375,0.8820706880618494
3.7956700885714287,0.8776683875204754
3.7942469725000003,0.8786121315962039
3.792824498571428,0.873230252348864
3.79140249125,0.8643427946779563
3.789980971428571,0.8835840042815538
3.78856001,0.88001270992163
3.7871396200000005,0.8698086643942842
3.785719775000001,0.8786466513722515
3.784300391428572,0.8727182756917666
3.7828815912500002,0.8559538057368878
3.781463281428571,0.8703406332725849
3.78004555625,0.8566609095262152
3.7786284042857137,0.8534875415372085
3.7772117187500003,0.8595079304182508
3.77570112375,0.8727909215906768
3.774285547142858,0.8829583896085746
3.77287050875,0.8791416136026686
3.771455971428572,0.8871762734941484
3.7700419924999995,0.8839140736764614
3.7686285157142865,0.8849535805861457
3.767215576250001,0.8857108045589648
3.765803124285715,0.892356130691019
3.7643912599999996,0.8867669027658329
3.762885888750001,0.8912334829699144
3.761475111428571,0.8917336009711929
3.7600648925000004,0.8993881912485729
3.7586550800000005,0.8916935427004051
3.757245896250001,0.8853714692267302
3.7557434087499995,0.888026781739941
3.7543352714285714,0.9179689583678075
3.7529276837500003,0.909131009562925
3.7515205885714287,0.9181990057202646
3.750114059999999,0.9187862734107165
3.7486144012500002,0.9161859408333104
3.747208982857143,0.89128919846969
3.745804105,0.881830121757697
3.744399665714286,0.8982666638490541
3.74299589625,0.9188562997389831
3.7414990249999995,0.8970993287422271
3.7400962057142864,0.889738132065906
3.73869399375,0.8724730045319211
3.7371987800000004,0.8950201350519116
3.7357977128571433,0.857672971056546
3.7343969237500003,0.9000769737067783
3.7329036625,0.9253021868847683
3.7315040728571427,0.9280287068032003
3.7301050775000006,0.9350692299593298
3.728706585714286,0.9320095014609586
3.72730859375,0.9360806852745649
3.7258180175000004,0.9374344422739005
3.72442115,0.9413722895857279
3.7230248050000005,0.940035414408597
3.72153588875,0.9448044718534814
3.72014068,0.9353902732465725
3.7187457512499997,0.9337727617376252
3.7172587400000006,0.9449205729478654
3.715865011428571,0.9369847099590601
3.71447187625,0.9296141966461406
3.71298642625,0.9259107008633778
3.711594307142858,0.9133930751952185
3.71020278375,0.9247489824169148
3.7087190437500004,0.9080592209535439
3.7072359387499993,0.9112697011284577
3.7058459814285722,0.9238021036454236
3.70445654375,0.9326306171816172
3.7029750487500004,0.9239633438999462
3.701586831428572,0.9020248396094531
3.70019897375,0.8943880235307116
3.6987192387500003,0.8834888812794713
3.6973325328571427,0.9365977505181665
3.6959462900000006,0.9323717761052958
3.6944682625000005,0.9364682701416996
3.69299082,0.9718625387443615
3.691606192857143,0.9707174156019047
3.6902222162500005,0.9695056164353018
3.6887464362500006,0.9817992762691619
3.6872711925,0.9784036111508903
3.6858888400000005,0.9859165198606995
3.6845068837500006,0.9697760433315068
3.6830334474999997,0.9360031398941437
3.6815605475000006,0.9566209879105486
3.6801802442857148,0.9808272180415232
3.6788004875,0.9468821803110634
3.67732934625,0.9591043711646083
3.6758587400000007,0.9929344934521669
3.674480525714286,0.9965142174017196
3.67310288125,0.9954390626248307
3.6716339849999997,0.9615296283067174
3.6701656737499997,1.0000502661429826
3.6687896199999996,0.9943909552235987
3.6674141124999995,0.9810262498057468
3.6659475099999996,0.9854672517829768
3.6644814450000007,0.9860288823322078
3.6630160149999997,0.9614324145510388
3.66164269,0.9802535799283574
3.6602699225,0.9542641165161487
3.6588061037500004,0.964830379883592
3.6573428712500005,0.9950105708440056
3.65588022375,1.0016501828258844
3.6545095985714284,1.0081106713832644
3.65313950125,0.9970573576841565
3.651678565,1.0142232690958934
3.6502182137499997,1.0190286953513141
3.6487583987499996,1.022601285679903
3.6473904014285705,1.0030540386259756
3.6460229012500003,1.0130139295187606
3.64456484375,0.9762048907193963
3.643107372500001,1.0075392520666688
3.6416504400000007,0.9917414914785884
3.6401941400000006,0.9682132019970006
3.638829352857143,0.9858899201421372
3.63746508875,0.9857109495366123
3.6360104487500005,0.9921399317785136
3.6345563475000002,1.0140066007413397
3.63310293,1.0229595086997056
3.631649950000001,1.0288436364177864
3.6302882800000007,1.033765201139797
3.628927345,1.0312552938146429
3.6274760287500003,1.0482091361494656
3.626025394999999,1.0510939502160381
3.6245753949999995,1.049551231856887
3.6231257849999996,1.046933934215716
3.62167680875,1.0499902675475647
3.620228515,1.0488642736975224
3.6188712042857145,1.054018712658241
3.6175143575,1.0574340551072967
3.616067771250001,1.0615621866173566
3.6146216312500004,1.057262221444589
3.6131761725000007,1.064110139817687
3.61173120125,1.071195118974015
3.6102868162500004,1.0755122278618923
3.6088429687500003,1.0755745963412944
3.6073998537499996,1.07503182000516
3.6059571775000006,1.0656630864286125
3.6046052442857146,1.068944411275089
3.603253810000001,1.0648541453654894
3.601812695,1.060185992223744
3.6003724124999996,1.0555627074666656
3.5989325675000003,1.0651199633423638
3.5974933600000005,1.0654493377558958
3.59605463875,1.0306325190913612
3.59461655375,1.0589767700018373
3.5931790037500004,1.0482907858541688
3.59174209,1.047401457714608
3.5903057125,1.0521737344056046
3.5888699225,1.052695357918539
3.58743471625,1.0623926313279832
3.586000195000001,1.0850273043362781
3.5845659675000006,1.0873719668179105
3.5831324725,1.075256071863988
3.5817890628571427,1.0873328415463366
3.5804461912500005,1.0815585483003705
3.57901430625,1.0767899838360528
3.577583007500001,1.0771053686319751
3.576152342500001,1.0575515664406894
3.5747221675,1.0628178550922662
3.5732926262499998,1.0755170763108013
3.5718636224999996,1.07871363949821
3.57043535125,1.0737002075741735
3.5690073725,1.0985134424278649
3.5675800787500007,1.114154899763439
3.56615332,1.1124586428137881
3.56472719875,1.1217497866374615
3.5633016112500004,1.1228999925130854
3.5618766125000003,1.1224925855915022
3.5604521987499997,1.0883139641812125
3.55902832,1.1208088330262602
3.5576050787500004,1.121794218468752
3.5561823725000004,1.1164899177267773
3.5547603512500006,1.1134876837043464
3.5533386237499998,1.1252306489751291
3.5519175775,1.1215768686425562
3.55049712,1.1266553923399054
3.5489885422222223,1.129810295931592
3.5474805175000004,1.1381035894861946
3.5460618650000004,1.145869248364361
3.5446437987499997,1.1463580099139354
3.5432262199999998,1.1442562196658987
3.5418092775,1.1452674523559638
3.540392871250001,1.140457528462579
3.5389771475000003,1.1328592802966977
3.53756171875,1.1313166135377608
3.53614707,1.1509657851551336
3.5347329100000002,1.1140409623543361
3.533319385,1.135319220981737
3.5319062987500005,1.1466651173953424
3.5304938962500008,1.1437766762677384
3.5290820325000003,1.132953405513358
3.5276707037499997,1.1251420934123524
3.526171788888889,1.1105121802360287
3.524673485,1.1162307462426022
3.5232638674999994,1.0968521832577722
3.521855028750001,1.1045891451996819
3.520446533750001,1.116412350499111
3.51903872125,1.1304818982285292
3.5176313974999998,1.1335958559236137
3.5162246100000005,1.1252813661969774
3.5148184575,1.1383453042414224
3.5134128900000006,1.1021878215019003
3.5119200088888887,1.1262613674250346
3.5104278800000004,1.1469489508715371
3.5090239762500004,1.157133432976094
3.5076206037500004,1.1530261272823448
3.50621792125,1.182950237233673
3.5048157712500005,1.185184611436811
3.5034141574999995,1.185110416902884
3.501925606666667,1.1769402403092812
3.5004375487500003,1.1845630853492242
3.4990377437500007,1.181707483347365
3.497638475,1.1930634094521535
3.496239645,1.2002991860681684
3.4948415550000007,1.1876662616130282
3.4934438962500005,1.1806258144300066
3.4919594622222228,1.1878733164898072
3.49047578,1.2003676361266316
3.4890799325,1.2047666701538169
3.48768462,1.21025878591038
3.4862898437500003,1.2041017531144396
3.4848085944444436,1.212375306827004
3.48332783125,1.2153638781864702
3.481934815,1.2208082669257918
3.4805423825,1.2260312633583776
3.47915044,1.2372561614827484
3.4776721355555553,1.2279240657688069
3.4761944825,1.2392478592521752
3.474804345000001,1.2271039416413179
3.4734147462500005,1.2169855307374722
3.4720256349999996,1.2269394517829502
3.4705504344444447,1.2286419992163182
3.4690757812500004,1.244272444478561
3.4676884775,1.2388589218868065
3.4663017087499997,1.208658667338974
3.464828864444445,1.21887642747793
3.46335669,1.213624804674332
3.4619716799999996,1.1967601309569202
3.4605873050000002,1.1817901682031269
3.4592032225,1.177945976297187
3.4577334200000007,1.1474894896467351
3.456264257500001,1.18226232066351
3.4548820800000004,1.196393057751866
3.4535003912500004,1.2049639430662387
3.4520329855555567,1.2273260838294746
3.4505662600000004,1.2311170982264508
3.4491863275000005,1.228854928444927
3.4477207900000004,1.2256201635266744
3.4462558100000003,1.256054357426725
3.4448775887500003,1.266568514622758
3.4435000000000002,1.28261014170395
3.442036891111112,1.2416565431600823
3.4405743175,1.2780169558873764
3.4391984375,1.2816934549523715
3.4377371077777785,1.2680681911350058
3.4362764150000005,1.2790431344027933
3.4349022475,1.2738936593918502
3.4335285150000003,1.293630123307449
3.4320697055555556,1.2969970370138912
3.4306113775,1.3150651680046537
3.4292394037499996,1.3132835550958015
3.4277823788888884,1.303717906082376
3.4263258787500006,1.2903031087003956
3.4249557125,1.3056072503940774
3.4235004333333334,1.3040990573340026
3.4220457037500007,1.311271070228033
3.42067724625,1.315981228333147
3.41922387,1.312845653004973
3.41777099625,1.30147454043953
3.4164041987500005,1.2929372279613882
3.414952560000001,1.3057180515063957
3.4135015625,1.3062115254152882
3.4120511722222227,1.3178356028574727
3.4106014162500005,1.320768709856777
3.40923745125,1.2875563595144717
3.407788845555556,1.3210257012377444
3.4063410149999998,1.331479553403122
3.4049786612500004,1.3148852744218513
3.403531901111111,1.3136384773683916
3.4020857912499998,1.2924192414947244
3.4006401911111106,1.211248107468079
3.3991952625,1.2603735602631876
3.39783588875,1.2124022009951152
3.396392186666667,1.2268439986106259
3.3949490724999998,1.3033341642476177
3.3935913575,1.324836503595642
3.392149434444445,1.3277760644471703
3.39070820375,1.3510217059393914
3.3892674044444444,1.3586472323172287
3.3878272962500002,1.3668687319350523
3.386387846666667,1.361994552859545
3.3849489737500003,1.3757534242570468
3.3835952649999994,1.3663364729278187
3.3821575933333334,1.357847190844232
3.38072051,1.381764140881429
3.37928407,1.3671067244259099
3.37784824,1.3717507136617089
3.3764130200000007,1.3645144179260025
3.3749783200000008,1.3830394920679896
3.3735443133333334,1.382001757293523
3.3721108862499998,1.393995733225027
3.3707623525,1.373818725813646
3.3693301233333335,1.3687658890681114
3.3678984837500003,1.3921594731675433
3.366467492222222,1.342976706842501
3.36503701125,1.3846913392726756
3.363607334444445,1.4019152062203453
3.36217807625,1.4053310793914657
3.3607494355555554,1.4194035552173112
3.3593214849999997,1.4327836517057404
3.35789414,1.4126098784384404
3.3564673337500004,1.4271846959643
3.3550411888888894,1.3898359049546196
3.3536156737500002,1.3780286287479946
3.3521906677777777,1.4126326463274737
3.3507663575,1.3822123414744523
3.349342621111111,1.411885651940044
3.34791953,1.4164396003383413
3.3464970055555554,1.4014618161049928
3.3450750487500005,1.3849881998846536
3.34365369,1.345167899838694
3.3422330075,1.3541658717486342
3.340812934444444,1.3364305378959864
3.339309895555556,1.3506110413512467
3.337891015,1.3689424795140601
3.3364726999999994,1.3800019259595238
3.33505507875,1.4303811726055689
3.333638020000001,1.4554213821657631
3.3322215812500002,1.4665006839505663
3.3308057300000002,1.4862071212943209
3.3293904287500005,1.4969146981546377
3.3279757822222225,1.519774470607343
3.3264786022222226,1.560918087749721
3.3250651849999997,1.566650127414711
3.3236523444444446,1.6225040192330047
3.3222401850000005,1.6627672714323003
3.3208285155555557,1.6098575354669435
3.3193345055555556,1.6065455420895383
3.3179241225000005,1.603607022014737
3.316514365555556,1.571341826117774
3.3151051275000007,1.5731082338935234
3.3136966133333337,1.5572860406256286
3.312205857777778,1.538354878743326
3.3107984375000004,1.4722467447239742
3.3093917111111115,1.504285815843985
3.30798554625,1.515960871054661
3.306579947777778,1.5165993967804878
3.305092361111111,1.5016932157292309
3.30368808625,1.5153771067446564
3.302284288888889,1.5430089277279964
3.3007987411111115,1.5409293486343334
3.2993961425000005,1.5408770611040992
3.2979942711111114,1.4779873999568642
3.29659296875,1.470987586227547
3.2951922311111117,1.4792522428211468
3.2937097222222222,1.4704098465789666
3.292310205,1.4557169950708233
3.29091137111111,1.4435496356558275
3.28943086,1.4512660877370949
3.28803315375,1.4511119376873325
3.286636068888889,1.4166701715015644
3.2851574644444446,1.4146916653611254
3.2836794711111117,1.455271499938114
3.2822842287500005,1.4136296121994394
3.2808895833333342,1.4697065086648915
3.279413585555556,1.4963671648566634
3.2780201662500006,1.531672136420373
3.2766273655555556,1.5198899948817688
3.275153208888889,1.563692085476625
3.2737615725,1.57996712584842
3.2723705944444443,1.5851289403329452
3.2708983944444436,1.573696761559598
3.2694268444444443,1.5684090985428476
3.26803767,1.5652835317824108
3.2666491311111105,1.574211549355001
3.265179513333334,1.5688387967019848
3.263710503333334,1.5966559569094398
3.2623237800000005,1.5885850025880028
3.2609376088888893,1.6077232281443725
3.2594705511111113,1.5868022594161362
3.2580041222222222,1.58837401129654
3.25661984875,1.5878918284590542
3.255236088888889,1.5910499158072555
3.253771636666666,1.5986367660928686
3.25230779,1.6243619895585844
3.2509258549999998,1.6363340604628343
3.2495445744444442,1.6394928284329162
3.2480826177777784,1.633101399055277
3.246621353333334,1.621542011682961
3.2451607211111106,1.5883792565074626
3.243781885,1.605373065384536
3.2424035600000005,1.5983109624229386
3.240944877777778,1.6019308165685926
3.2394868277777777,1.5854457912605102
3.2380293833333336,1.584735676145517
3.2366535400000003,1.5780555450456704
3.23527832,1.585040588254488
3.2338228066666668,1.55736417937964
3.2323679455555556,1.5647521769122141
3.230913736666667,1.6153740732209472
3.22954091625,1.6265078837340226
3.228168728888889,1.6201701811401739
3.2267164055555555,1.6712943074075328
3.225264736666666,1.6856484340965445
3.223813758888889,1.6755579802115683
3.2223633677777777,1.6712238134734512
3.220913671111111,1.6769180208281411
3.2195451412500002,1.6802711651375208
3.2181771688888885,1.6919618847611644
3.2167293200000002,1.7044900062272628
3.2152821400000002,1.6872435737031695
3.213835656666667,1.7439614192161303
3.2123897788888884,1.753197526445796
3.2109445300000004,1.7443934153453882
3.209499998888889,1.738819036253758
3.2081362775,1.7351312847822777
3.2067731344444446,1.7203190765231318
3.2053304466666668,1.7100647102151814
3.203888412222222,1.6926701523644483
3.2024470266666665,1.7020298567412684
3.2010063144444447,1.640219548814456
3.19956621,1.693616657164269
3.1981267588888893,1.6856839147887555
3.196687954444444,1.6841117011065259
3.1952498044444444,1.6866263521251263
3.193812304444445,1.6888021477388984
3.1924552500000005,1.664322696922965
3.19109883,1.6902574741371585
3.1896631522222214,1.6737044333336133
3.188228168888889,1.6758798271305129
3.186793816666667,1.6721934601201696
3.1853601355555554,1.6587684394131965
3.1839270611111115,1.6384957082064169
3.1824946833333336,1.6062599800193529
3.1810629133333337,1.6264136241652587
3.1796318355555555,1.6049921017048525
3.1782012577777783,1.661991842602081
3.1767714622222223,1.6776842552561217
3.1753422533333335,1.7024469670149303
3.173913715555556,1.7031401305455196
3.1724858066666672,1.6959712252910684
3.17105855,1.7177818154075182
3.1696319244444444,1.711200279823037
3.1682059455555556,1.7245460910034993
3.166780621111111,1.7252535116112915
3.1653559233333337,1.7204386963919411
3.1639318588888887,1.712671018669906
3.1625084644444446,1.718274259884254
3.161085677777778,1.7183537775279216
3.159663542222223,1.7178709846573688
3.1582420788888887,1.7389426705296058
3.1568211799999997,1.71619555389346
3.155400997777778,1.7322950377588064
3.1539814244444444,1.7501462624075508
3.1525625,1.728556698501101
3.1511441833333333,1.673878094919911
3.1497265188888894,1.7582828107213762
3.1483095277777777,1.7315247079360288
3.1468931411111116,1.7505465830645561
3.14539875,1.7586143266521552
3.143905076666667,1.7698086786906346
3.142490688888889,1.7359879426562794
3.141076866666667,1.7480361746717832
3.1396637800000002,1.7321503794464634
3.138251258888889,1.723315228520633
3.1368394533333337,1.6974198194030636
3.135428188888889,1.6838105769942624
3.1340175788888893,1.7165711211774501
3.1326076411111115,1.7273595690903951
3.131198307777778,1.6803113822339608
3.1297113860000003,1.7656072898112627
3.128225152222222,1.798785877469733
3.1268178377777778,1.7797685033926118
3.12541113,1.811286546909756
3.1240050333333333,1.812367045658232
3.122599543333333,1.7992912164810215
3.1211947277777785,1.788480549992927
3.1197905588888895,1.7615569504375372
3.118309043,1.7965304934034527
3.116828208888889,1.8044729570363482
3.11542602,1.7262915469178723
3.114024457777778,1.7983079178721249
3.1126234811111106,1.8366971867898334
3.1112231122222225,1.8731488094602158
3.109745723,1.8840775240926855
3.1082689455555554,1.8953987987012189
3.106870572222223,1.8942334973560908
3.1054728511111116,1.8851891389598934
3.104075715555555,1.9049153661297413
3.1026017000000006,1.9049195178893579
3.1011283411111115,1.9071820178674506
3.099733157777778,1.9148109027859568
3.098338628888889,1.8770996933821718
3.096944725555556,1.9040192703107817
3.0954740629999997,1.881845213174448
3.094004101111112,1.8532333930550533
3.0926121522222223,1.8419504477343116
3.0912208111111115,1.7309865543754872
3.089830077777778,1.8258822346219168
3.088362852,1.8076407844127846
3.086896246666667,1.8217701526815446
3.0855074866666667,1.8475184851471633
3.084119357777778,1.8443906129441683
3.0826548250000005,1.8377289386766669
3.0811909266666673,1.8703698394555601
3.079804708888889,1.87337674450444
3.078419141111111,1.8743184214221518
3.0769573049999996,1.8986112297021875
3.0754961144444453,1.916412880430225
3.0741125,1.9040405580524484
3.072652676,1.9349180440445293
3.0711935333333336,1.9317662474790593
3.069811826666667,1.9129025221006686
3.068430794444444,1.8922435693147333
3.066973631,1.9296783841952228
3.0655172311111114,1.9222608879517897
3.064138108888889,1.9086324148113698
3.06268301,1.9321640962436921
3.061228625555556,1.9389994610898516
3.0598514111111115,1.9469450676989863
3.0583983590000003,1.955224631306739
3.056945984444445,1.9849565348387286
3.0555707244444448,1.99878149430578
3.0541197070000003,1.982015878616767
3.0526694000000005,1.9593282488207806
3.0512959844444447,1.9601957362770985
3.0498470500000003,1.944517956087497
3.0483987200000002,1.8656423467461378
3.047027344444444,1.9401730230215952
3.045580332,1.9123085088680432
3.0441340933333336,1.9200935224598557
3.042688456,1.9208650105266898
3.0412436177777784,1.8942633221735847
3.0398753699999994,1.886339432055099
3.0384318169999998,1.9586598760391332
3.0369889333333338,2.0239066769857623
3.0356226555555557,2.0385662859805818
3.0341810950000005,2.008124411154365
3.032740255555556,2.0070823670846525
3.0313000390000004,2.0004788049283477
3.029860568888889,1.999874802041342
3.028421757,1.9867935949222648
3.026983637777778,1.9641503972414371
3.025621833333333,2.011285110732662
3.0241850400000003,1.9786623468341662
3.0227489155555554,2.045337497001032
3.0213135159999998,2.086698719093775
3.019878731111111,2.074789967256707
3.0184446870000006,2.0785210295310486
3.017011307777778,2.0586324116567374
3.015653972222223,2.03283930410851
3.0142219340000005,2.042388252163507
3.0127905377777777,2.0348736961060236
3.011359882,2.0162143037562927
3.0099298400000003,2.0006096202341896
3.008500467,1.9641818814976473
3.0070718088888895,2.02522334575908
3.0056438680000004,2.0291041128338727
3.004216558888889,2.0227887304435876
3.0027899210000006,2.0429351906448217
3.0013639544444444,2.0335124364695867
2.9999386699999997,2.006087588794392
2.998514084444444,2.0380590555561895
2.9970901540000003,2.02839000335435
2.995666905555556,2.0965996401332285
2.9942443550000006,2.0921589108201797
2.9928224811111113,2.1037470916558547
2.9914012690000003,2.0811836310441265
2.9899059370000005,2.0687104910881553
2.9884861333333332,2.0560206836741006
2.9870669729999997,2.0890546272814676
2.985648482222222,2.1122223445425607
2.9842306839999995,2.136959431542064
2.982813542222222,2.1604493833452127
2.9813970700000008,2.1725528848269726
2.9799812933333336,2.1916718107529984
2.978566151,2.1889187367993275
2.9770772460000003,2.219156151383154
2.9756635422222226,2.1992062029941533
2.9742504690000002,2.1994896092732894
2.972838085555556,2.1623474552858974
2.9714263479999996,2.14859882765389
2.969941035,2.112589600914415
2.9685306855555558,2.1078462300669805
2.967121017,2.11701384805105
2.9657120011111107,2.1162940532165573
2.9643036709999997,2.066339100247979
2.962821895,2.0956388157345063
2.961414908888889,2.087313731332328
2.9600086310000004,2.1175008207977175
2.958529065,2.144414477616329
2.957124066666667,2.117375888862225
2.9557198440000003,2.1536160979387837
2.9543162333333335,2.167098924248244
2.9529133000000005,2.145988188085941
2.951437246,2.1667207547413896
2.9500356744444445,2.118591049232253
2.9486347840000002,2.135515526460061
2.9471608790000006,2.116923669733276
2.9456877150000005,2.106153543986939
2.944288866666667,2.1142393360739904
2.9428907220000005,2.0771797182719487
2.9414196269999997,2.1583576870644134
2.9400228744444448,2.129109935365869
2.9386267000000004,2.13248457948548
2.937157832,2.1234012839054603
2.9357630444444442,2.156332942089982
2.934368907,2.0678133836228376
2.9329021300000004,2.177654580705763
2.931436075,2.202076792629096
2.930043988888889,2.2001184917722423
2.9286525979999998,2.2010719591522436
2.927188672,2.235938094830672
2.9257254880000003,2.220557231132107
2.9243361322222228,2.1971722208950437
2.922947421,2.2149161711061636
2.9214863680000005,2.2839432444998904
2.920026016,2.2960545779714243
2.9186393444444443,2.298271948313188
2.9172533800000005,2.2995052134316483
2.9157951370000004,2.3022819880345162
2.914337695000001,2.302509727071876
2.9128808979999996,2.2268380423433896
2.9114976133333332,2.2807766746378535
2.9101150200000006,2.2802283284419333
2.9086603920000003,2.257754092536831
2.907206445,2.3281483939200567
2.9057532220000004,2.338184744123705
2.9043733944444448,2.4055643858737485
2.902994141,2.414607998955214
2.901543045,2.3377942430235117
2.9000927149999995,2.4115307872053897
2.8986430069999995,2.3590646359647565
2.8971941400000003,2.3838098257971767
2.895818315555556,2.3669077282684174
2.894443145,2.3612017650673303
2.892996329,2.358899603827095
2.8915502350000004,2.3763209398238803
2.8901048449999998,2.369494076420889
2.8886601750000005,2.3746315432081557
2.887216289,2.3202427272153012
2.8858452244444446,2.380459739818414
2.8844747860000006,2.456353058184047
2.8830329699999995,2.4655358930669116
2.8815918350000005,2.4542970170412617
2.880151407,2.5266683253822966
2.878711737,2.5059252723988044
2.877272775,2.529501856783201
2.8758345330000004,2.5328010423060503
2.8743970140000004,2.4548125862523995
2.872960196,2.4515191608271403
2.8715241390000004,2.4852361426270404
2.8700887510000004,2.4876183716785634
2.868725803333333,2.484380115325001
2.8673635180000003,2.4428292713624487
2.8659302740000006,2.591630122458683
2.8644976950000003,2.624126845167581
2.8630658000000007,2.5752869105556204
2.8616346880000005,2.5933662362862213
2.860204257,2.580201350605518
2.858774532,2.6896614791052365
2.857345547,2.6820180276153485
2.855917304,2.702170625464699
2.854489706,2.6819131081583394
2.8530628709999997,2.6702415126787264
2.851636719,2.5959350041302898
2.85021131,2.582710792963324
2.8487865830000003,2.6645159208250027
2.847362617,2.648562322722283
2.8459392950000004,2.6537356705700437
2.8445167200000006,2.629008013395702
2.8430948440000003,2.695355232152119
2.8416736740000004,2.6751043748883
2.8402532419999997,2.6525479313422964
2.838833515,2.7687115399844515
2.8374144720000003,2.7010964229650383
2.8359252490909093,2.637710288872903
2.8344368560000004,2.584346415195725
2.8330199800000004,2.6544497315785724
2.8316038679999997,2.7616559424617706
2.8301884770000005,2.784775581249506
2.8287737490000007,2.719583208620458
2.827359767,2.771115424449551
2.825946484,2.749543055856227
2.824533905,2.849802993045544
2.8231220120000002,2.820390619064023
2.8217108400000006,2.7987700367930977
2.820229882727273,2.801408635866268
2.8187496680000006,2.737712520847375
2.817340684,2.686257049167045
2.815932403,2.630016186151438
2.8145248240000007,2.742344955494289
2.8131179509999997,2.814395967345524
2.811711818,2.835961099619841
2.810306289,3.005198834721452
2.808831301818183,3.0823811901717293
2.807357129,3.683461505162696
2.805953827,3.3036011209518876
2.804551211,2.7276936377886587
2.8031493549999995,3.3835818541762586
2.801748144,328.4164452136033
2.8002776472727278,11.886266516254516
2.79880793,5.695404006836362
2.797408887,5.501124961798447
2.7960105850000003,-234.84286991905984
2.7946129670000004,2.912629143372237
2.793146253636364,2.8137530411573315
2.7916802350000003,66.45803555686764
2.7902847860000004,-0.8184897737672967
2.7888900389999995,-1.1887649162810585
2.787426277272727,11.131436968553949
2.7859632999999997,1.928948283553151
2.784570684,-2.657589902189143
2.7831788290000006,-5.926384570404294
2.78171804,1.412327595722693
2.780258066,7.434253955418744
2.77886832,17.758329733616613
2.777479219,3.480790836111907
2.77602152,3.230714731439385
2.774564513,3.256989602947928
2.773177597,3.142728762179709
2.7717914250000004,5.1010926778096835
2.7703366300000005,-23.41294160398232
2.7688826370000004,-7.371083472384303
2.7674985549999995,3.384108396971313
2.7660461127272726,2.4050271074435488
2.7645942770000005,1.9866802229884841
2.7632123830000004,7.179799295084869
