w,flux
19693.9383483883,1107873.9447167136
19696.58043049695,1159031.773803442
19699.2225126056,1126181.7645671177
19701.866868451005,1108564.261706512
19704.508950559655,1111990.7958067264
19707.151032668306,1078542.5851534596
19709.79538851371,1027278.0607403545
19712.43747062236,1047801.3481741898
19715.081826467765,1037903.610305446
19717.723908576416,1082708.7426328256
19720.365990685066,1115806.0098113392
19723.01034653047,982467.8226848468
19725.65242863912,1199681.8034822675
19728.29451074777,643405.7743777275
19730.938866593176,1157300.6353588165
19733.580948701827,728226.8883898432
19736.223030810477,737507.8212617695
19738.867386655882,728791.4158330504
19741.509468764532,1075247.0180525216
19744.151550873183,856267.4959501305
19746.795906718588,1018170.2684181002
19749.437988827238,1062163.983032314
19752.082344672643,978168.88945643
19754.724426781293,1087191.852913989
19757.366508889943,1047048.8997838527
19760.010864735348,992277.0141354724
19762.652946844,1131063.4125463099
19765.29502895265,1134936.7642778142
19767.939384798054,962844.7414231745
19770.581466906704,1100355.3160540333
19773.223549015354,1094598.898044344
19775.86790486076,808089.0429192523
19778.50998696941,1091462.0992492386
19781.154342814814,1006081.853393675
19783.796424923465,767148.0150600384
19786.438507032115,1115021.8860447383
19789.08286287752,1119416.89379916
19791.72494498617,1109040.1777823681
19794.36702709482,1154253.637214093
19797.011382940225,709378.6455900269
19799.653465048876,1078031.2902754748
19802.295547157526,1104056.7532652584
19804.93990300293,962485.119824472
19807.58198511158,1156754.407832534
19810.22406722023,802372.1620144057
19812.868423065636,913843.9131418159
19815.510505174287,1085817.4401894314
19818.15486101969,1066202.4810668093
19820.79694312834,930754.4238349637
19823.439025236992,1042285.2977661691
19826.083381082397,1097535.075611739
19828.725463191047,1106946.3905372224
19831.367545299698,1170361.5314861578
19834.011901145102,1139676.1722391613
19836.653983253753,1026023.1715414571
19839.296065362403,1044577.7821849276
19841.940421207808,1026787.938809332
19844.58250331646,1133782.8109808941
19847.226859161863,905862.9297042427
19849.868941270513,1145676.2656704055
19852.511023379164,763651.4505028058
19855.15537922457,1044434.7859413322
19857.79746133322,726835.5842949578
19860.43954344187,932364.974498002
19863.083899287274,779083.1716219002
19865.725981395924,945812.8879064961
19868.368063504575,553204.2855764631
19871.01241934998,1047853.089817703
19873.65450145863,986301.4694894556
19876.29658356728,929253.1640023991
19878.940939412685,1102652.5286779595
19881.583021521335,975591.6658742565
19884.22737736674,1141708.9544918211
19886.86945947539,868599.2858287601
19889.51154158404,1093527.300186173
19892.155897429446,911855.0811134749
19894.797979538096,1086641.233283026
19897.440061646746,1047159.5400141467
19900.08441749215,1039133.2673560713
19902.7264996008,1092817.8552960453
19905.368581709452,1160799.7197611677
19908.012937554857,1019644.7138573892
19910.655019663507,1146082.6366859907
19913.299375508912,1092009.6820010298
19915.941457617562,978023.7293555811
19918.583539726213,976431.9067508565
19921.227895571617,1086618.403679413
19923.869977680268,1114343.5742378382
19926.512059788918,1057678.214500652
19929.156415634323,855880.7682590585
19931.798497742973,828538.2245768113
19934.440579851624,606218.0269509978
19937.08493569703,1108469.9185116861
19939.72701780568,626419.5936688854
19942.36909991433,1160932.4938058727
19945.013455759734,1093576.5910795096
19947.655537868384,988863.6890014503
19950.29989371379,1117290.9287405126
19952.94197582244,990096.6857874037
19955.58405793109,728076.9793333102
19958.228413776495,1130911.0648274648
19960.870495885145,991985.5072257258
19963.512577993795,1130273.417507025
19966.1569338392,1091048.335391495
19968.79901594785,1073920.3516803957
19971.4410980565,1027173.6710866501
19974.085453901906,954094.7334409752
19976.727536010556,820347.9414956742
19979.37189185596,872850.9691631343
19982.01397396461,980458.3252971323
19984.65605607326,1103731.8378440673
19987.300411918666,1041200.8172448017
19989.942494027317,1117387.3312177914
19992.584576135967,1058616.8226909235
19995.22893198137,1093443.532941048
19997.871014090022,958429.6693565284
20000.513096198672,1011922.1038506351
20003.157452044077,1020319.8623954698
20005.799534152728,950877.0321007839
20008.441616261378,967166.8137432629
20011.085972106783,1023278.7877410688
20013.728054215433,740216.795477758
20016.372410060838,727521.7273664514
20019.01449216949,788277.577575586
20021.65657427814,820167.1738480035
20024.300930123543,950779.0741739864
20026.943012232194,1000935.5828366205
20029.585094340844,571756.3548296134
20032.22945018625,883445.7337123182
20034.8715322949,962082.1887794595
20037.51361440355,926670.8671524451
20040.157970248954,896469.9194618497
20042.800052357605,924807.4801327487
20045.44440820301,945174.6398249745
20048.08649031166,962814.8912827857
20050.72857242031,976754.8856642762
20053.372928265715,981725.3246924655
20056.015010374365,804168.0070676743
20058.657092483016,797366.5808552051
20061.30144832842,831837.0223723069
20063.94353043707,901714.6916345846
20066.58561254572,977571.3640519922
20069.229968391126,1037599.7444323365
20071.872050499776,1020407.688236402
20074.514132608427,918717.4783770136
20077.15848845383,1017891.718427204
20079.800570562482,940478.3786324793
20082.444926407887,1038807.2922811003
20085.087008516537,1042590.677451937
20087.729090625187,1086998.0752613035
20090.373446470592,1069844.10286705
20093.015528579243,991412.1836191564
20095.657610687893,1023870.3927322712
20098.301966533298,859045.0326708367
20100.944048641948,1048452.1932599213
20103.5861307506,782135.3811789097
20106.230486596003,977475.7071210075
20108.872568704654,933289.8101385948
20111.51692455006,1012057.2386544904
20114.15900665871,998045.393456356
20116.80108876736,989227.1757365086
20119.445444612764,971262.4699836943
20122.087526721414,1002550.5462122547
20124.729608830065,840577.7708612557
20127.37396467547,1009839.0015366211
20130.01604678412,991405.766746282
20132.65812889277,931116.2819965226
20135.302484738175,936553.0876384728
20137.944566846825,1023318.0316346572
20140.586648955476,1007818.0027142507
20143.23100480088,1007131.7406524036
20145.87308690953,1029051.9343933604
20148.517442754935,1010030.5473553909
20151.159524863586,931141.7551633676
20153.801606972236,1076261.7340726196
20156.44596281764,1005353.1370415718
20159.08804492629,975325.6904667945
20161.73012703494,973007.1539785366
20164.374482880346,941760.1021153713
20167.016564988997,943479.6648085935
20169.658647097647,994626.2739042963
20172.303002943052,971059.974895197
20174.945085051702,971520.6337236804
20177.589440897107,1052347.2670757791
20180.231523005757,992530.6471347924
20182.873605114408,1005042.4924442986
20185.517960959813,804958.6166688978
20188.160043068463,1034158.3519605489
20190.802125177113,987659.527268406
20193.446481022518,1007960.122406059
20196.08856313117,1010697.2307793126
20198.73064523982,1013424.1627006717
20201.375001085224,953762.1066062007
20204.017083193874,1011163.4030867551
20206.66143903928,1034312.263334603
20209.30352114793,896848.7789839642
20211.94560325658,1013042.4368813543
20214.589959101984,942150.6153401178
20217.232041210635,999908.5169454764
20219.874123319285,1035472.2113025115
20222.51847916469,892256.5580033482
20225.16056127334,963128.7316486038
20227.80264338199,837453.9484487983
20230.446999227395,1068446.6339747629
20233.089081336046,1021474.5681106854
20235.731163444696,1010399.1728980087
20238.3755192901,973851.6294361887
20241.01760139875,994672.1255021044
20243.661957244156,940663.2573284229
20246.304039352806,974634.5375433482
20248.946121461457,978979.4419053874
20251.59047730686,1049906.139634343
20254.23255941551,1046671.0162908749
20256.874641524162,1061394.9027798541
20259.518997369567,1002083.2758728925
20262.161079478217,802815.6382885374
20264.803161586868,985838.4647732134
20267.447517432272,1035787.63988888
20270.089599540923,1009409.6533825272
20272.733955386328,1055434.5181172353
20275.376037494978,1065391.977675095
20278.01811960363,978539.9849223397
20280.662475449033,1024962.0781933098
20283.304557557683,1040334.7770924189
20285.946639666334,918182.624761403
20288.59099551174,738043.7817042341
20291.23307762039,1062648.316601249
20293.87515972904,974000.7093780203
20296.519515574444,990618.8911469678
20299.161597683094,964819.3252706946
20301.803679791745,657277.1990650895
20304.44803563715,1078552.601996747
20307.0901177458,911642.7621818851
20309.734473591205,1076614.0926119147
20312.376555699855,1081010.6419787798
20315.018637808505,1052985.9030555098
20317.66299365391,1010663.6021858581
20320.30507576256,1030768.2145817502
20322.94715787121,778078.5714095652
20325.591513716616,1061747.2042549057
20328.233595825266,956282.7681566823
20330.875677933916,1008650.1218419672
20333.52003377932,1019055.1832054286
20336.16211588797,1063193.2965192087
20338.806471733376,912663.3643218264
20341.448553842027,1046674.9044398481
20344.090635950677,1041511.8768424824
20346.734991796082,1075018.4455590555
20349.377073904732,798701.1485042147
20352.019156013383,1004493.1491731451
20354.663511858787,908907.3584313552
20357.305593967438,1085391.585872114
20359.947676076088,1062588.389333163
20362.592031921493,1034594.6944866424
20365.234114030143,1028535.6974440501
20367.876196138794,1064229.0151462676
20370.5205519842,990381.652158452
20373.16263409285,1027054.1309872051
20375.806989938254,1041151.2412255633
20378.449072046904,928411.0774602349
20381.091154155554,952984.7139622105
20383.73551000096,860128.4340326932
20386.37759210961,1069993.8698699374
20389.01967421826,991888.2206782392
20391.664030063665,1029453.5421394801
20394.306112172315,1005541.4617386316
20396.948194280965,894887.9324631126
20399.59255012637,1051341.973503771
20402.23463223502,1050030.7632584623
20404.878988080425,1024638.2438096758
20407.521070189076,1040631.5656406812
20410.163152297726,1053777.2613525481
20412.80750814313,877179.6686052568
20415.44959025178,1030698.8559227963
20418.09167236043,1020168.4103810104
20420.736028205836,962796.8805213688
20423.378110314487,957749.8858682406
20426.020192423137,1013174.7086942382
20428.66454826854,998603.8828282788
20431.306630377192,1036989.7759478517
20433.948712485842,1030126.1542556686
20436.593068331247,1026245.3170928203
20439.235150439898,992152.2569815452
20441.879506285302,1007857.3324677363
20444.521588393953,864336.3181932603
20447.163670502603,988767.8904767497
20449.808026348008,976218.4034297043
20452.45010845666,900458.708808842
20455.09219056531,925272.4529303841
20457.736546410713,900228.7560516102
20460.378628519364,1002837.980004168
20463.020710628014,791708.258392061
20465.66506647342,994521.9136490074
20468.30714858207,1007568.4401923288
20470.951504427474,1038673.200107619
20473.593586536124,866310.7371979351
20476.235668644775,1032419.0467268813
20478.88002449018,1009832.2739123219
20481.52210659883,984445.2413357237
20484.16418870748,1026700.4319835005
20486.808544552885,957745.346400042
20489.450626661535,1023483.340031093
20492.092708770186,937708.2747227103
20494.73706461559,992755.9951156948
20497.37914672424,929159.5693964136
20500.02122883289,970050.1947536982
20502.665584678296,924088.4520018742
20505.307666786946,985999.5043337218
20507.95202263235,888537.3490266699
20510.594104741,961040.6298698657
20513.236186849652,989426.739566711
20515.880542695057,922676.9788396884
20518.522624803707,1000729.3799260848
20521.164706912357,963941.1336202079
20523.809062757762,1017465.5186671572
20526.451144866413,1007615.3452669613
20529.093226975063,962117.0099162731
20531.737582820468,956762.8592540927
20534.379664929118,934601.5183234528
20537.024020774523,981986.8014085665
20539.666102883173,959481.559829596
20542.308184991824,946465.5296957677
20544.95254083723,981082.9967332367
20547.59462294588,936677.6082165149
20550.23670505453,997366.5571040116
20552.881060899934,860263.396416505
20555.523143008584,992818.4906442777
20558.165225117235,978770.6192737268
20560.80958096264,816355.7442829736
20563.45166307129,959603.9004753667
20566.09374517994,826929.0143699319
20568.738101025345,868680.7154942271
20571.380183133995,900069.200511891
20574.0245389794,889324.6480938401
20576.66662108805,928240.5069821883
20579.3087031967,954850.9798292008
20581.953059042105,955525.7290117004
20584.595141150756,844253.1969338076
20587.237223259406,857991.0546043225
20589.88157910481,831111.6532081729
20592.52366121346,829317.2362548376
20595.16574332211,959173.8004366062
20597.810099167516,979304.5139974188
20600.452181276167,956483.2241624795
20603.09653712157,977382.7465877903
20605.738619230222,1028432.8735251238
20608.380701338872,689365.5173307093
20611.025057184277,992045.6134379914
20613.667139292927,980451.6927555192
20616.309221401578,921493.3644133953
20618.953577246983,1015274.6162938143
20621.595659355633,823711.491463519
20624.237741464283,994128.6835192137
20626.882097309688,941699.86273386
20629.52417941834,937700.5003898449
20632.16626152699,1013504.8049541028
20634.810617372394,757184.8843953204
20637.452699481044,458220.2586384239
20640.09705532645,893420.5879318631
20642.7391374351,944011.8880330638
20645.38121954375,953300.857178349
20648.025575389154,857419.7927405916
20650.667657497805,749194.7453460589
20653.309739606455,915420.4038315687
20655.95409545186,978536.1978593008
20658.59617756051,974513.4467551429
20661.23825966916,1004495.5090391584
20663.882615514565,974799.375342268
20666.524697623216,950628.9816934771
20669.16905346862,969940.6579059567
20671.81113557727,1006668.5294561855
20674.45321768592,835097.6997222367
20677.097573531326,969519.9032291552
20679.739655639976,1020620.4358490775
20682.381737748627,842244.7340246
20685.02609359403,1005402.4653765152
20687.66817570268,915493.0052153247
20690.310257811332,921107.2417207629
20692.954613656737,915114.9409642641
20695.596695765387,919567.2595544787
20698.238777874038,712175.729711907
20700.883133719442,970915.2132490628
20703.525215828093,580958.6582616672
20706.169571673498,948310.2796014677
20708.811653782148,856365.1859518955
20711.4537358908,940627.7665345009
20714.098091736203,897072.7119491192
20716.740173844853,945078.2090110696
20719.382255953504,926756.8312874001
20722.02661179891,672064.0613180691
20724.66869390756,938353.307063525
20727.31077601621,896513.8298544197
20729.955131861614,947682.2636987439
20732.597213970264,947693.1129412428
20735.24156981567,935725.525002846
20737.88365192432,739984.9172180915
20740.52573403297,955163.2456470815
20743.170089878375,806647.2328540852
20745.812171987025,994620.5184350993
20748.454254095675,967050.29202972
20751.09860994108,959842.3016023384
20753.74069204973,946587.8874056495
20756.38277415838,999544.35917735
20759.027130003786,973700.8472823418
20761.669212112436,723536.7881132561
20764.311294221086,937878.6741773869
20766.95565006649,941096.8149298143
20769.59773217514,959886.7131368953
20772.242088020546,922948.7605100775
20774.884170129197,978980.4026952494
20777.526252237847,934368.5288622697
20780.170608083252,1002995.3150896066
20782.812690191902,878909.1633210584
20785.454772300553,974149.2849774186
20788.099128145957,943485.1656244604
20790.741210254608,974225.2456086524
20793.383292363258,818940.7177239693
20796.027648208663,970257.1484318967
20798.669730317313,823224.5634139971
20801.314086162718,902487.2122047939
20803.95616827137,831108.1728378894
20806.59825038002,981578.9233776053
20809.242606225424,788657.0463718997
20811.884688334074,977255.2838058722
20814.526770442724,937979.3452737395
20817.17112628813,924634.810176567
20819.81320839678,940258.3216388954
20822.45529050543,999075.8979849196
20825.099646350835,958480.2537511347
20827.741728459485,927963.6324639451
20830.38608430489,777863.4235741596
20833.02816641354,924741.5063974771
20835.67024852219,851735.9017065878
20838.314604367595,891835.592869505
20840.956686476246,915550.8921539332
20843.598768584896,965320.9288931678
20846.2431244303,652279.2453008465
20848.88520653895,944734.8873350082
20851.5272886476,912642.7776646792
20854.171644493006,982311.9913042517
20856.813726601657,848920.1085182814
20859.455808710307,869452.5722202949
20862.10016455571,986134.9374296158
20864.742246664362,976958.2259205797
20867.386602509767,979323.0664883059
20870.028684618417,958612.4203236665
20872.670766727068,919190.6535322686
20875.315122572472,848046.7848984164
20877.957204681123,943953.501526179
20880.599286789773,893847.8461100879
20883.243642635178,815244.2020219136
20885.885724743828,967069.0445395481
20888.52780685248,900198.4099993733
20891.172162697883,955241.7964213764
20893.814244806534,967139.7679478659
20896.45860065194,759747.5851970064
20899.10068276059,963683.4503486289
20901.74276486924,893084.9207452326
20904.387120714644,925316.6773481615
20907.029202823294,847937.0916313063
20909.671284931945,957323.3444084259
20912.31564077735,814148.5648904997
20914.957722886,958568.2419947777
20917.59980499465,942112.8715280677
20920.244160840055,1017838.8846221451
20922.886242948705,626968.9018556871
20925.528325057356,962396.6044910658
20928.17268090276,946522.6533437986
20930.81476301141,944038.8743622033
20933.459118856816,803666.3360137267
20936.101200965466,932655.8487296319
20938.743283074116,955258.7461685088
20941.38763891952,998036.221358211
20944.02972102817,880375.7003977741
20946.671803136822,685057.5924720566
20949.316158982227,784912.1642018512
20951.958241090877,930072.9863660695
20954.600323199527,531308.2912576117
20957.244679044932,840481.8553680083
20959.886761153582,953647.7929261383
20962.531116998987,864157.8191596493
20965.173199107638,969775.9184102652
20967.815281216288,770293.037808517
20970.459637061693,758767.2751582434
20973.101719170343,939180.7685958245
20975.743801278993,989631.437105581
20978.3881571244,835270.787419243
20981.03023923305,941868.7971576275
20983.6723213417,919016.8576932155
20986.316677187104,937735.4476032448
20988.958759295754,749642.3460640287
20991.600841404404,902839.0115961317
20994.24519724981,991632.730231739
20996.88727935846,701505.1501662859
20999.531635203864,963829.3825825478
21002.173717312515,963051.0883837861
21004.815799421165,938243.8837628416
21007.46015526657,942411.7895394649
21010.10223737522,885685.5408090318
21012.74431948387,800203.4948912084
21015.388675329275,911674.5486305233
21018.030757437926,908989.8607970265
21020.672839546576,931477.1824624726
21023.31719539198,937091.672956513
21025.95927750063,954058.1947830773
21028.603633346036,846814.4004451748
21031.245715454686,947765.4887137793
21033.887797563337,925029.4647751093
21036.53215340874,964467.8088467097
21039.174235517392,961156.05977267
21041.816317626042,921119.1035818608
21044.460673471447,891538.5152099498
21047.102755580097,863053.2891676871
21049.744837688748,882293.8471662308
21052.389193534153,928461.1555317419
21055.031275642803,955054.7157445766
21057.673357751453,908864.3164068668
21060.317713596858,900489.842624384
21062.95979570551,1023929.6213942351
21065.604151550913,1012406.842336899
21068.246233659564,933406.846571585
21070.888315768214,902428.9163389988
21073.53267161362,932945.1765485003
21076.17475372227,860936.3476916034
21078.81683583092,908214.5978245562
21081.461191676324,886481.779195652
21084.103273784975,834242.954271347
21086.745355893625,850847.3944159294
21089.38971173903,879279.276285146
21092.03179384768,874970.6265280177
21094.676149693085,917994.3845501608
21097.318231801735,1021412.5589015164
21099.960313910386,949907.826044961
21102.60466975579,947652.5244992925
21105.24675186444,949139.287026973
21107.88883397309,941318.200197292
21110.533189818496,890351.04017068
21113.175271927146,930529.4161768581
21115.817354035797,834624.0106456038
21118.4617098812,785193.4143215632
21121.10379198985,933747.1861538327
21123.745874098502,846929.0257619101
21126.390229943907,779990.7979834419
21129.032312052557,862187.1511967909
21131.676667897962,938967.4453041061
21134.318750006612,801327.5303085352
21136.960832115263,940760.0416286399
21139.605187960668,867707.179216428
21142.247270069318,896671.8046593532
21144.88935217797,799725.4333418644
21147.533708023373,889856.2626382008
21150.175790132023,883078.96973612
21152.817872240674,825525.932605738
21155.46222808608,886442.8717554259
21158.10431019473,895453.1719172918
21160.748666040134,865400.7275090469
21163.390748148784,851131.2410394094
21166.032830257434,939090.9529020155
21168.67718610284,816772.1458426056
21171.31926821149,954626.3932514328
21173.96135032014,870573.1637004327
21176.605706165545,911879.8883868946
21179.247788274195,864680.8899923153
21181.889870382845,967658.5404492433
21184.53422622825,674984.1208710083
21187.1763083369,918861.7857941098
21189.81839044555,930135.6063650878
21192.462746290956,829616.4897398016
21195.104828399606,846496.8557117822
21197.74918424501,828124.5847312907
21200.39126635366,862942.9488561258
21203.03334846231,871271.2285879885
21205.677704307716,763920.6003723306
21208.319786416367,799956.066653404
21210.961868525017,778991.7336767818
21213.606224370422,885328.0146931007
21216.248306479072,831566.9595186794
21218.890388587723,905378.6805265633
21221.534744433127,931002.0307015317
21224.176826541778,900612.9837579838
21226.821182387182,917788.0999462955
21229.463264495833,961599.8548599093
21232.105346604483,856156.0294319541
21234.749702449888,895716.1761969442
21237.39178455854,885022.1845916722
21240.03386666719,868183.229353764
21242.678222512593,911257.6984329899
21245.320304621244,806207.2642802594
21247.962386729894,885894.9981131771
21250.6067425753,874635.0479343011
21253.24882468395,906640.9993291866
21255.8909067926,934003.6016062775
21258.535262638004,882002.6921909603
21261.177344746655,900394.3686411696
21263.82170059206,933788.8410746441
21266.46378270071,635166.8301146636
21269.10586480936,923879.9472961448
21271.750220654765,800373.1439557783
21274.392302763416,896304.6881963973
21277.034384872066,907192.5153994292
21279.67874071747,925016.618789626
21282.32082282612,776659.6578848036
21284.96290493477,890790.4067946615
21287.607260780176,914352.5190980681
21290.249342888827,720331.4693428526
21292.89369873423,891906.0340335653
21295.53578084288,832473.2596132164
21298.177862951532,888381.0257690244
21300.822218796937,864621.7428642549
21303.464300905587,921219.142418824
21306.106383014238,922239.1591957659
21308.750738859642,904821.700007371
21311.392820968293,930531.8219582161
21314.034903076943,858803.0274635567
21316.679258922348,896800.0676164846
21319.321341030998,886276.7657945836
21321.96342313965,865812.5182327152
21324.607778985053,842997.9498697902
21327.249861093704,889239.7295005977
21329.89421693911,871137.3362435857
21332.53629904776,790105.8593985575
21335.17838115641,902132.61596121
21337.822737001814,803373.0287504402
21340.464819110464,890111.906311709
21343.106901219115,815093.4387377468
21345.75125706452,887869.5261273241
21348.39333917317,853431.3634133702
21351.03542128182,851873.9867863801
21353.679777127225,830580.2798770062
21356.321859235875,923253.1868890917
21358.96621508128,842173.8860702587
21361.60829718993,880803.311945265
21364.25037929858,906789.6048876668
21366.894735143986,889428.1688378447
21369.536817252636,894726.5678238118
21372.178899361286,908167.8775302231
21374.82325520669,875848.169696397
21377.46533731534,884953.6087995007
21380.10741942399,891561.2936794
21382.751775269397,910996.7503726047
21385.393857378047,843155.546624396
21388.035939486697,857615.4215325061
21390.680295332102,846701.2440370597
21393.322377440752,904228.5200211569
21395.966733286157,854228.0803314457
21398.608815394808,847894.6813031215
21401.250897503458,889181.6280724914
21403.895253348863,773554.0839646746
21406.537335457513,898894.2554618837
21409.179417566163,873219.8359716891
21411.82377341157,898167.7382629918
21414.46585552022,887373.7655609912
21417.10793762887,893282.3958989412
21419.752293474274,810591.2056474986
21422.394375582924,876112.1113295264
21425.03873142833,902060.442169273
21427.68081353698,868771.4257553963
21430.32289564563,924647.5866593772
21432.967251491034,832822.7763624075
21435.609333599685,860160.7622742326
21438.251415708335,884005.0260760701
21440.89577155374,807903.7729094006
21443.53785366239,881300.6529987726
21446.17993577104,887901.0823403526
21448.824291616445,846022.0974031356
21451.466373725096,833148.6874287009
21454.1107295705,877381.0682574334
21456.75281167915,849836.9165960293
21459.3948937878,869904.61071338
21462.039249633206,916662.542790972
21464.681331741856,661334.7112475617
21467.323413850507,874634.0750429993
21469.96776969591,873353.178842862
21472.609851804562,857983.6769461876
21475.251933913212,820980.0201886431
21477.896289758617,883308.0443227135
21480.538371867267,857718.4747618545
21483.180453975918,809963.558660593
21485.824809821323,819697.4636628078
21488.466891929973,851883.7752485832
21491.111247775378,853630.8425077657
21493.753329884028,867289.6970554949
21496.39541199268,830252.8672265485
21499.039767838083,877807.7258936235
21501.681849946734,858654.608148808
21504.323932055384,842632.2609309036
21506.96828790079,867303.3022095276
21509.61037000944,852274.7252871754
21512.25245211809,858776.10724842
21514.896807963494,848638.7946768104
21517.538890072145,868713.870478849
21520.18324591755,871590.6519287559
21522.8253280262,857100.2157991966
21525.46741013485,861184.0085600564
21528.111765980255,865643.5255980833
21530.753848088905,838373.3917642249
21533.395930197556,848430.9938979315
21536.04028604296,815404.5498769335
21538.68236815161,852527.9093737714
21541.32445026026,800675.6226109595
21543.968806105666,875681.699798922
21546.610888214316,869037.8399779238
21549.252970322967,754098.1551965578
21551.89732616837,869832.1557038905
21554.53940827702,841161.6860316498
21557.183764122427,831445.6179949581
21559.825846231077,831482.4786759407
21562.467928339727,816685.0066338484
21565.112284185132,813297.4264754216
21567.754366293782,882278.3056240192
21570.396448402433,701384.8683477091
21573.040804247838,869097.2977593314
21575.682886356488,859583.5504454448
21578.32496846514,870006.5338084862
21580.969324310543,869457.8815918426
21583.611406419193,845322.9096632358
21586.255762264598,836980.6419980512
21588.89784437325,851955.0874809428
21591.5399264819,826507.0238109393
21594.184282327304,809537.8385937125
21596.826364435954,854205.572232262
21599.468446544604,706906.8634847995
21602.11280239001,809610.0519265597
21604.75488449866,870470.2948882233
21607.39696660731,819126.864897111
21610.041322452715,866840.352613629
21612.683404561365,750067.8007423759
21615.325486670015,781398.1142385841
21617.96984251542,857659.3493453754
21620.61192462407,835818.8974201591
21623.256280469475,822408.4792813207
21625.898362578126,838300.0104953637
21628.540444686776,829916.8259255432
21631.18480053218,865342.92124467
21633.82688264083,818513.4158018664
21636.46896474948,841568.5820671278
21639.113320594886,849029.3767623295
21641.755402703537,829465.3000939359
21644.397484812187,867125.2634885621
21647.041840657592,847729.977419818
21649.683922766242,833083.9035936851
21652.328278611647,839648.0851460543
21654.970360720297,746856.4813662117
21657.612442828948,871452.0501782773
21660.256798674352,801618.8924895977
21662.898880783003,833272.8234257997
21665.540962891653,838719.3775486237
21668.185318737058,823569.6040663654
21670.82740084571,838019.6876159004
21673.46948295436,792003.5222971633
21676.113838799763,842810.6449812677
21678.755920908414,832255.6083378062
21681.398003017064,843166.5459265877
21684.04235886247,851704.9061290653
21686.68444097112,804357.61954659
21689.328796816524,859481.5844455527
21691.970878925174,826644.8377382695
21694.612961033825,854785.496261069
21697.25731687923,810305.4906658693
21699.89939898788,859434.5007569691
21702.54148109653,808692.1879293579
21705.185836941935,797337.7233675726
21707.827919050585,720428.1489466542
21710.470001159236,832916.068598574
21713.11435700464,698806.6299176702
21715.75643911329,830148.3932066531
21718.400794958696,843379.5307064723
21721.042877067346,854768.6243584708
21723.684959175996,804890.9135423165
21726.3293150214,845772.6207471678
21728.97139713005,802097.7274672706
21731.613479238702,762152.8978368226
21734.257835084107,834846.5031983105
21736.899917192757,802481.3788470994
21739.541999301407,824313.0069568651
21742.186355146812,830907.0424110701
21744.828437255463,819262.2761454559
21747.470519364113,841858.5450416465
21750.114875209518,748317.8805306659
21752.756957318168,846109.3380335212
21755.401313163573,817023.8251766068
21758.043395272223,829236.7016746188
21760.685477380874,812624.2064781317
21763.32983322628,764774.2480370406
21765.97191533493,776760.9240920026
21768.61399744358,802149.5789501091
21771.258353288984,804970.31955132
21773.900435397634,755100.2580325593
21776.542517506285,832336.3828148997
21779.18687335169,807873.4750466242
21781.82895546034,758252.7970447834
21784.473311305745,750610.3024878858
21787.115393414395,829278.8632012215
21789.757475523045,604910.8418698341
21792.40183136845,850646.3208424408
21795.0439134771,785764.7373454068
21797.68599558575,852311.2113742305
21800.330351431156,835531.9701982199
21802.972433539806,790229.9885697104
21805.614515648456,829631.9512862038
21808.25887149386,843448.3682920272
21810.90095360251,803598.3543900403
21813.54303571116,806763.794668185
21816.187391556567,750606.253900675
21818.829473665217,776391.9805097163
21821.47382951062,829754.0868285779
21824.115911619272,769605.4691594165
21826.757993727922,699043.5237158117
21829.402349573327,814087.7925994586
21832.044431681978,730515.9521805035
21834.686513790628,787438.525450396
21837.330869636033,815004.5953242788
21839.972951744683,785901.8413886463
21842.615033853333,804968.9618400191
21845.25938969874,843665.6321938793
21847.90147180739,806028.98858951
21850.545827652793,833618.4999420228
21853.187909761444,737128.3351929047
21855.829991870094,847951.9714306082
21858.4743477155,780511.6162904166
21861.11642982415,847951.0189717752
21863.7585119328,776407.4112518951
21866.402867778204,824081.6475192023
21869.044949886855,821434.282172315
21871.687031995505,781503.3980724906
21874.33138784091,795305.7857496755
21876.97346994956,761135.4786972142
21879.61555205821,649645.7440520038
21882.259907903615,839783.6960133582
21884.901990012266,570186.5384848354
21887.54634585767,809626.16455158
21890.18842796632,825630.7207173421
21892.83051007497,831582.0652017911
21895.474865920376,730785.6809656862
21898.116948029026,741012.8596415184
21900.759030137677,746727.1034970416
21903.40338598308,454457.3161796186
21906.045468091732,785483.469637589
21908.687550200382,802042.7692027884
21911.331906045787,766076.1557762019
21913.973988154437,806764.6455222741
21916.618343999842,813338.9485660789
21919.260426108493,829792.8808141466
21921.902508217143,817403.3033831416
21924.546864062548,837878.2977347891
21927.188946171198,800264.7889160698
21929.83102827985,836754.6612924582
21932.475384125253,817587.4513319249
21935.117466233904,774963.7088613823
21937.759548342554,805505.565745607
21940.40390418796,782833.3534493061
21943.04598629661,780557.686047526
21945.68806840526,714072.3465253575
21948.332424250664,768891.5413578717
21950.974506359315,800783.278127245
21953.61886220472,799141.8706594266
21956.26094431337,789227.7492347126
21958.90302642202,797784.0113094903
21961.547382267425,800447.4299374025
21964.189464376075,793085.3411161788
21966.831546484726,839341.6868485184
21969.47590233013,780817.911467227
21972.11798443878,792682.7426336821
21974.76006654743,784417.0637796351
21977.404422392836,805474.0440247963
21980.046504501486,800973.8133525746
21982.69086034689,768654.888648104
21985.33294245554,811275.5465957297
21987.97502456419,762469.4010372869
21990.619380409596,804716.6477713918
21993.261462518247,769707.2207708907
21995.903544626897,807124.2274627434
21998.547900472302,795742.3451000019
22001.189982580952,788839.2106585419
22003.832064689603,752543.6254595342
22006.476420535007,757326.9623874788
22009.118502643658,729303.4169248649
22011.76058475231,771917.8195954501
22014.404940597713,794997.6624333406
22017.047022706363,790485.9493496543
22019.691378551768,713373.8757640047
22022.33346066042,775646.9637473603
22024.97554276907,704673.7155360038
22027.619898614474,827706.7655673727
22030.261980723124,820460.3428581133
22032.904062831774,797862.8714943179
22035.54841867718,811915.9340495421
22038.19050078583,782895.0999876361
22040.83258289448,792064.4164596635
22043.476938739885,802163.2091484804
22046.119020848535,799331.5356329174
22048.76337669394,744061.1490897678
22051.40545880259,722102.8806599464
22054.04754091124,719267.1410150194
22056.691896756645,721313.4322100773
22059.333978865296,722905.2388221374
22061.976060973946,421575.1315028116
22064.62041681935,758180.8177732755
22067.262498928,781259.1559886725
22069.90458103665,778027.1789183286
22072.548936882056,726011.1559094007
22075.191018990707,793872.1093238961
22077.83537483611,722364.6045279222
22080.47745694476,738864.0060388555
22083.119539053412,768992.1708649665
22085.763894898817,770948.5033322483
22088.405977007467,825946.2444034495
22091.048059116118,788276.5673694874
22093.692414961522,766060.9325010837
22096.334497070173,793573.9566599461
22098.976579178823,792432.8625542368
22101.620935024228,766088.6776260159
22104.26301713288,785200.9695005729
22106.90509924153,724064.3749252855
22109.549455086933,815042.4449715413
22112.191537195584,784471.6661098169
22114.83589304099,798219.64963738
22117.47797514964,804397.9990701218
22120.12005725829,799710.0988445043
22122.764413103694,814867.4175381112
22125.406495212344,802910.9965762828
22128.048577320995,807549.4907263768
22130.6929331664,798907.5382215063
22133.33501527505,803428.7191462155
22135.9770973837,730938.638969725
22138.621453229105,789139.5298898797
22141.263535337755,727447.1462180846
22143.90789118316,772941.9648648823
22146.54997329181,754852.2699559287
22149.19205540046,804131.7995904915
22151.836411245866,774072.1127811864
22154.478493354516,783098.614578235
22157.120575463166,731658.3333411523
22159.76493130857,794609.5489189051
22162.40701341722,748080.2808167511
22165.049095525872,788810.2240685644
22167.693451371277,776809.731144927
22170.335533479927,802591.9112515583
22172.977615588577,706169.8329459795
22175.621971433982,806346.044637571
22178.264053542633,708736.8898463318
22180.908409388037,808026.6683248403
22183.550491496688,747014.2486189512
22186.192573605338,798527.5668607549
22188.836929450743,790645.7327822978
22191.479011559393,789582.7599387346
22194.121093668044,774657.9008983774
22196.76544951345,773830.2593888686
22199.4075316221,775263.758099743
22202.04961373075,779535.6576554317
22204.693969576154,762761.7517317552
22207.336051684804,742527.278615783
22209.98040753021,742866.3332047885
22212.62248963886,669938.6799733415
22215.26457174751,834029.4168876685
22217.908927592915,679050.5671869181
22220.551009701565,792956.5676029116
22223.193091810215,752898.12147625
22225.83744765562,751207.7665633864
22228.47952976427,785332.7856116001
22231.12161187292,763231.3059380618
22233.765967718326,717037.7281532121
22236.408049826976,818987.0460672539
22239.050131935626,418928.2840771791
22241.69448778103,783876.2219096217
22244.33656988968,764032.2861013014
22246.980925735086,774752.9134850008
22249.623007843737,752352.9781825996
22252.265089952387,777247.6277039234
22254.90944579779,714746.9625006546
22257.551527906442,736019.1833880623
22260.193610015092,754911.2656319244
22262.837965860497,520268.41315239907
22265.480047969148,586787.7546079459
22268.122130077798,674444.4510363806
22270.766485923203,782276.3643988437
22273.408568031853,637742.4537215638
22276.052923877258,708846.9590218617
22278.69500598591,754682.9680133947
22281.33708809456,647917.3755968143
22283.981443939963,611519.8148580603
22286.623526048614,731468.7568235112
22289.265608157264,776711.9037051749
22291.90996400267,740720.8110996668
22294.55204611132,760249.1847659847
22297.19412821997,764042.6276489514
22299.838484065374,739746.2255392869
22302.480566174025,725691.0119942465
22305.122648282675,748873.3833332827
22307.76700412808,713821.5629666331
22310.40908623673,714364.7918345407
22313.053442082135,763869.6165673261
22315.695524190785,681728.2444651924
22318.337606299436,770833.4383001636
22320.98196214484,769518.669925915
22323.62404425349,777497.8569104521
22326.26612636214,784897.3017144214
22328.910482207546,775842.7821943305
22331.552564316196,785263.7737514994
22334.194646424847,754748.7410144418
22336.83900227025,766401.3596638159
22339.481084378902,783567.5783763344
22342.125440224307,713009.9545103533
22344.767522332957,773576.6064345483
22347.409604441607,754044.4643830357
22350.053960287012,760324.055334236
22352.696042395663,739309.4202227097
22355.338124504313,725364.1448954578
22357.982480349718,747920.5536625675
22360.624562458368,734277.2985751834
22363.26664456702,708753.9624425889
22365.911000412423,728743.3542859684
22368.553082521074,772395.4335734809
22371.195164629724,768616.1689352465
22373.83952047513,755987.9285928821
22376.48160258378,752089.6643812595
22379.125958429184,736067.8206463238
22381.768040537834,690929.3651017325
22384.410122646485,798180.4640034828
22387.05447849189,492331.80977269186
22389.69656060054,763706.3280131134
22392.33864270919,731207.66277797
22394.982998554595,663070.5755127445
22397.625080663245,779926.1918508811
22400.267162771896,679276.8318153259
22402.9115186173,758215.2445343211
22405.55360072595,767489.256357414
22408.197956571355,753156.6215679473
22410.840038680006,756337.9363650039
22413.482120788656,722181.5313729035
22416.12647663406,712714.9276783373
22418.76855874271,765508.3493661219
22421.41064085136,720886.1193639291
22424.054996696766,751842.3449062745
22426.697078805417,729982.3101729293
22429.339160914067,694546.1595726577
22431.983516759472,715674.2007301818
22434.625598868122,729795.1350096274
22437.267680976773,744987.3593595697
22439.912036822177,750043.7321570098
22442.554118930828,738638.2211004074
22445.198474776233,707908.3079236641
22447.840556884883,753036.5922234703
22450.482638993533,528547.6214293964
22453.126994838938,722789.2957586596
22455.76907694759,732302.5221656732
22458.41115905624,719560.0898508354
22461.055514901644,710160.6860728455
22463.697597010294,733180.747004013
22466.339679118944,734743.560796304
22468.98403496435,727162.5641477512
22471.626117073,736903.4824554004
22474.270472918404,723945.2022644695
22476.912555027055,767985.1097613722
22479.554637135705,463245.66614351276
22482.19899298111,766457.4046086326
22484.84107508976,747950.0388086388
22487.48315719841,748113.234626724
22490.127513043815,710999.6186417437
22492.769595152466,760387.7381838529
22495.411677261116,737362.5960602419
22498.05603310652,747912.230529922
22500.69811521517,707308.0478968215
22503.34019732382,749567.9433319299
22505.984553169226,728193.172076728
22508.626635277877,738398.9737364532
22511.27099112328,742085.1681422021
22513.91307323193,683244.25400443
22516.555155340582,706681.9239336561
22519.199511185987,733254.7486362912
22521.841593294637,743733.8411146412
22524.483675403288,717436.7655419373
22527.128031248692,751029.6215231024
22529.770113357343,725712.6957442306
22532.412195465993,686076.9266658146
22535.056551311398,722185.0575905463
22537.69863342005,708493.8372968358
22540.342989265453,723479.0477532952
22542.985071374103,669055.7998202634
22545.627153482754,718772.7660375468
22548.27150932816,757101.9904660931
22550.91359143681,695615.097840743
22553.55567354546,719738.7503006493
22556.200029390864,731946.3022675185
22558.842111499514,657682.088703237
22561.484193608165,700498.1649491091
22564.12854945357,717719.9120081961
22566.77063156222,736455.3909639609
22569.41271367087,648907.0300716921
22572.057069516275,725724.8752865675
22574.699151624925,719840.5410483592
22577.34350747033,732857.2705237203
22579.98558957898,664458.1975295085
22582.62767168763,741500.9944544235
22585.272027533036,714109.693114919
22587.914109641686,712960.3509921324
22590.556191750336,736008.4440755175
22593.20054759574,717025.789250626
22595.84262970439,694657.6141847093
22598.484711813042,715422.6237086653
22601.129067658447,751125.2978880913
22603.771149767097,737638.8261383767
22606.415505612502,722024.2436697534
22609.057587721152,685658.9956475098
22611.699669829803,748781.7156328722
22614.344025675207,644191.2345326855
22616.986107783858,704243.8698881505
22619.628189892508,647891.1759360738
22622.272545737913,678829.2809889087
22624.914627846563,664220.0581158121
22627.556709955214,501784.1764764045
22630.20106580062,683578.0898824387
22632.84314790927,623379.1210055831
22635.48523001792,727570.5490632176
22638.129585863324,675867.7617327982
22640.771667971974,732042.2301070977
22643.41602381738,669976.8548506218
22646.05810592603,731040.6637631729
22648.70018803468,727851.2088524457
22651.344543880085,671852.7820509673
22653.986625988735,711191.4758773404
22656.628708097385,639675.2174663628
22659.27306394279,717353.9473617896
22661.91514605144,719916.5231682567
22664.55722816009,731249.7291776888
22667.201584005496,722500.2675222298
22669.843666114146,740434.345124832
22672.48802195955,689707.5156101444
22675.1301040682,727247.0954807444
22677.77218617685,717856.9813330618
22680.416542022256,708576.6797763313
22683.058624130907,671647.7042066164
22685.700706239557,712341.0182214885
22688.34506208496,727494.1994103775
22690.987144193612,705024.0720831204
22693.629226302262,726358.5587599613
22696.273582147667,713381.7898666511
22698.915664256318,692281.3087321622
22701.560020101722,694830.2626133927
22704.202102210373,678549.2924440071
22706.844184319023,720941.2480052883
22709.488540164428,692994.7788650016
22712.13062227308,739055.1051960809
22714.77270438173,666041.1224163196
22717.417060227133,717829.3851179141
22720.059142335784,675398.3483021556
22722.701224444434,731031.1980111457
22725.34558028984,709505.5804911915
22727.98766239849,725441.3517955502
22730.62974450714,727937.3069231644
22733.274100352544,695623.8187056221
22735.916182461195,717527.3259720401
22738.5605383066,704340.4692305129
22741.20262041525,697738.7427237155
22743.8447025239,744215.4039801129
22746.489058369305,488831.7110442992
22749.131140477955,696236.5456463312
22751.773222586606,721253.1853002086
22754.41757843201,690338.472919142
22757.05966054066,691284.5674738627
22759.70174264931,653415.2991815385
22762.346098494716,718111.5359124201
22764.988180603366,692648.5785726908
22767.63253644877,641453.7505238022
22770.27461855742,700900.6115902656
22772.916700666072,729842.9121718217
22775.561056511477,723523.0902676634
22778.203138620127,722733.7103488536
22780.845220728777,713059.846688256
22783.489576574182,714559.541688031
22786.131658682832,691683.7732114219
22788.773740791483,669297.7384008771
22791.418096636888,713314.9419843424
22794.060178745538,710315.1308978206
22796.70226085419,665326.3094623924
22799.346616699593,693118.9125091209
22801.988698808243,685592.6905836305
22804.63305465365,674936.292724365
22807.2751367623,677748.5473806325
22809.91721887095,709379.7392222869
22812.561574716354,777265.3293026288
22815.203656825004,562441.002654575
22817.845738933655,689008.3243144468
22820.49009477906,661460.8955121841
22823.13217688771,662910.4195505278
22825.77425899636,706324.7066590297
22828.418614841765,691522.6872578766
22831.060696950415,717124.9492224815
22833.70505279582,674479.5179917531
22836.34713490447,746487.6710801731
22838.98921701312,505414.41987811954
22841.633572858525,720407.8265866688
22844.275654967176,703710.4155214161
22846.917737075826,693807.5283815196
22849.56209292123,720867.380588444
22852.20417502988,588577.0218131242
22854.84625713853,701616.5241927572
22857.490612983936,700016.5866402286
22860.132695092587,709523.84090367
22862.774777201237,717673.973844794
22865.419133046642,702018.9280232424
22868.061215155292,713109.0148321931
22870.705571000697,685296.2010687292
22873.347653109347,713405.7765379552
22875.989735217998,709775.0579832232
22878.634091063403,648599.7889528912
22881.276173172053,692653.3126896347
22883.918255280703,690092.729861003
22886.562611126108,666481.0189670536
22889.20469323476,624552.0495958054
22891.84677534341,664173.2469158396
22894.491131188814,715048.74779844
22897.133213297464,707130.8251190545
22899.77756914287,701015.3353278761
22902.41965125152,694560.4962723396
22905.06173336017,691412.6700586447
22907.706089205574,707774.882432269
22910.348171314225,710028.4987955018
22912.990253422875,622936.1292281552
22915.63460926828,660406.4389494485
22918.27669137693,698577.3025365279
22920.91877348558,651866.5001259877
22923.563129330985,706386.8833666926
22926.205211439636,697836.4406046423
22928.847293548286,564681.3267684905
22931.49164939369,435429.20895155595
22934.13373150234,436984.42840701144
22936.778087347746,209356.6327009601
22939.420169456396,194008.7494424762
22942.062251565047,208955.16514320925
22944.70660741045,422308.53911587794
22947.3486895191,219176.6238038062
22949.990771627752,216553.2249017501
22952.635127473157,412013.64317438216
22955.277209581807,513927.666392676
22957.919291690458,204686.63322793946
22960.563647535862,476006.8654938539
22963.205729644513,338082.3172732827
22965.850085489918,488172.80422180967
22968.492167598568,271561.3052446087
22971.13424970722,424931.2477397174
22973.778605552623,534562.4293460769
22976.420687661273,631221.3407370732
22979.062769769924,377430.9881604974
22981.70712561533,717311.467879117
22984.34920772398,199929.99555318465
22986.99128983263,583637.6870332436
22989.635645678034,452724.6283441726
22992.277727786684,316706.36467503937
22994.919809895335,695374.615162987
22997.56416574074,269333.73654867103
23000.20624784939,606716.7122504014
23002.850603694795,748395.1101156276
23005.492685803445,231540.44216610986
23008.134767912095,618199.8574569358
23010.7791237575,681649.4084895928
23013.42120586615,331903.9344369948
23016.0632879748,616054.8768848771
23018.707643820206,676930.1590766907
23021.349725928856,266524.39741190936
23023.991808037506,609094.1975165717
23026.63616388291,638764.656683699
23029.27824599156,273800.2924658316
23031.922601836966,591461.9388433528
23034.564683945617,637895.5424825535
23037.206766054267,693897.0525872764
23039.851121899672,389513.07253144094
23042.493204008322,590501.3484833008
23045.135286116973,723308.3491101284
23047.779641962377,250886.10595907614
23050.421724071028,612273.5660635151
23053.063806179678,561858.3038108551
23055.708162025083,728432.935959436
23058.350244133733,251641.29613225255
23060.992326242384,620057.4901646072
23063.63668208779,584312.9281479504
23066.27876419644,643536.9377209605
23068.923120041844,260465.94597280957
23071.565202150494,585188.5725367569
23074.207284259144,555493.2457200955
23076.85164010455,638627.5320225704
23079.4937222132,305628.9359400105
23082.13580432185,628614.0692041351
23084.780160167255,588073.5742136174
23087.422242275905,720612.8601984415
23090.064324384555,401182.67793953355
23092.70868022996,604467.2071196923
23095.35076233861,570140.4123276231
23097.995118184015,637607.2177750355
23100.637200292666,221932.57845948456
23103.279282401316,442188.0793471947
23105.92363824672,608280.4267004743
23108.56572035537,613331.2746923867
23111.20780246402,607875.9841225382
23113.852158309426,587801.0087317525
23116.494240418077,536111.5636949829
23119.136322526727,520410.0283452483
23121.78067837213,666474.8656786777
23124.422760480782,277179.75726733083
23127.064842589432,701135.2996450496
23129.709198434837,636620.575384206
23132.351280543488,600495.119459455
23134.995636388892,687041.3386470731
23137.637718497543,244490.8734582789
23140.279800606193,611997.867855146
23142.924156451598,565910.1991728793
23145.566238560248,611431.0857398879
23148.2083206689,583399.5405688288
23150.852676514303,377388.95311873604
23153.494758622954,684878.2172060704
23156.136840731604,596299.8866840756
23158.78119657701,575455.5345101305
23161.42327868566,646079.7265668728
23164.067634531064,312940.7472581741
23166.709716639714,668349.3099034597
23169.351798748365,447873.7269082385
23171.99615459377,548952.9440770578
23174.63823670242,670492.5557850492
23177.28031881107,291098.73292058933
23179.924674656475,614223.0828738
23182.566756765125,616197.7641671423
23185.208838873776,587551.2397799235
23187.85319471918,657859.8702664617
23190.49527682783,367348.0926145288
23193.13735893648,643603.607167796
23195.781714781886,626499.401217634
23198.423796890536,442060.5973753005
23201.06815273594,606258.4721301025
23203.71023484459,710128.395937639
23206.352316953242,367465.43699273514
23208.996672798647,585550.8005199389
23211.638754907297,645147.7309849944
23214.280837015947,372315.50589694094
23216.925192861352,584345.2946719021
23219.567274970002,493482.31168340857
23222.209357078653,355195.54921330075
23224.853712924058,425891.14432362205
23227.495795032708,182941.90060379414
23230.140150878113,179849.62948508456
23232.782232986763,218681.1574916801
23235.424315095413,201585.03732536576
23238.06867094082,394726.3683272923
23240.71075304947,192176.59363509616
23243.35283515812,207892.42049225274
23245.997191003524,397407.2248842863
23248.639273112174,299823.04725018446
23251.281355220824,213447.3745807174
23253.92571106623,579586.7417130333
23256.56779317488,191398.446462824
23259.20987528353,598900.4634927289
23261.854231128935,234455.50297490077
23264.496313237585,530405.7776202863
23267.14066908299,252307.25290789115
23269.78275119164,606901.0646666562
23272.42483330029,407980.1752360471
23275.069189145695,348115.1850237036
23277.711271254346,604423.1806130902
23280.353353362996,184355.2185356676
23282.9977092084,638412.1571318831
23285.63979131705,252288.47791517398
23288.2818734257,221266.59502830467
23290.926229271106,648238.9881828784
23293.568311379757,342901.9771548485
23296.21266722516,401568.3766066968
23298.854749333812,407528.6537644715
23301.496831442462,251768.83704538428
23304.141187287867,409146.9705064286
23306.783269396517,644515.4642208987
23309.425351505168,324964.1703633156
23312.069707350573,344321.27726055507
23314.711789459223,449337.84844926186
23317.353871567873,544433.1053598877
23319.998227413278,225908.94246785188
23322.64030952193,557174.085841303
23325.284665367333,668636.1835763953
23327.926747475984,261503.65919433915
23330.568829584634,545687.7219731901
23333.21318543004,575882.6377177746
23335.85526753869,540922.7246046242
23338.49734964734,293078.0622612547
23341.141705492744,580411.2064542852
23343.783787601395,621443.3259361507
23346.425869710045,418389.6476253058
23349.07022555545,540185.3490334935
23351.7123076641,549678.1746269263
23354.35438977275,467424.12216765626
23356.998745618155,249837.76053328675
23359.640827726806,631279.9060981142
23362.28518357221,570725.1932917342
23364.92726568086,649491.1546811274
23367.56934778951,301517.70126077556
23370.213703634916,623279.4086373395
23372.855785743566,458891.7134299734
23375.497867852217,469267.7482427168
23378.14222369762,628389.8536884267
23380.78430580627,313460.26196949556
23383.426387914922,592588.4407075915
23386.070743760327,413349.1678161211
23388.712825868977,625365.4234430454
23391.357181714382,228146.4062932839
23393.999263823032,406253.4699479983
23396.641345931683,536934.3422158173
23399.285701777088,639003.6021452433
23401.927783885738,469293.987476616
23404.56986599439,369072.88588168373
23407.214221839793,501184.68399292446
23409.856303948443,551178.6192791581
23412.498386057094,295026.330845484
23415.1427419025,265625.3313586025
23417.78482401115,443001.7024291155
23420.4269061198,589388.9166008176
23423.071261965204,573107.3393261923
23425.713344073854,622835.9982076873
23428.35769991926,467802.68289066525
23430.99978202791,311261.10579572007
23433.64186413656,401757.1930344957
23436.286219981965,568056.3388699072
23438.928302090615,619522.9832714132
23441.570384199265,305169.21914884273
23444.21474004467,344614.67886303517
23446.85682215332,442785.7044441676
23449.49890426197,364064.4026497767
23452.143260107376,510745.3780761006
23454.785342216026,291477.6445844242
23457.42969806143,500959.9565042354
23460.07178017008,391497.7992453257
23462.71386227873,519981.6211822967
23465.358218124136,556403.7441406542
23468.000300232787,226328.94757527317
23470.642382341437,598924.5114487429
23473.286738186842,310564.9096296457
23475.928820295492,476313.27539003856
23478.570902404143,558825.6680364584
23481.215258249547,473739.7857857969
23483.857340358198,604768.5941077431
23486.499422466848,448924.9076169961
23489.143778312253,425142.7424006925
23491.785860420903,358972.6861804324
23494.430216266308,494849.00344724796
23497.07229837496,226551.51147225994
23499.71438048361,567912.930311261
23502.358736329013,588992.6528069851
23505.000818437664,396066.5695381106
23507.642900546314,495299.58970727824
23510.28725639172,464506.87413984165
23512.92933850037,243898.0637084581
23515.57142060902,519582.0654640932
23518.215776454424,414776.5936078976
23520.857858563075,284367.11263314023
23523.50221440848,374675.8318729878
23526.14429651713,198779.321580804
23528.78637862578,178403.44347424517
23531.430734471185,181526.6049260475
23534.072816579835,175576.1877795942
23536.714898688486,224391.19852424477
23539.35925453389,202986.98109370063
23542.00133664254,257886.57069670313
23544.64341875119,178423.77549990593
23547.287774596596,216514.4758980672
23549.929856705246,288477.2161058531
23552.571938813897,229805.63014733364
23555.2162946593,380655.86505026795
23557.858376767952,358783.3255252252
23560.502732613357,196437.1036090827
23563.144814722007,321757.2751054054
23565.786896830657,443964.6119360126
23568.431252676062,251924.3106509173
23571.073334784713,236054.03877329038
23573.715416893363,381415.5184148083
23576.359772738768,213169.2920182406
23579.001854847418,502504.42674119375
23581.64393695607,300585.35701475316
23584.288292801473,198815.90259308572
23586.930374910124,503785.8866294905
23589.57473075553,265398.0163144447
23592.21681286418,285747.351161797
23594.85889497283,315073.0531585653
23597.503250818234,408117.3742404534
23600.145332926884,460921.9902482138
23602.787415035535,570048.9359393534
23605.43177088094,344491.74178442307
23608.07385298959,315516.1744726412
23610.71593509824,584448.3995988399
23613.360290943645,548927.1595429961
23616.002373052295,273801.49317632325
23618.644455160946,512056.78498999495
23621.28881100635,628169.3635985442
23623.930893115,273237.02020095283
23626.575248960406,417263.2245268648
23629.217331069056,352669.4612636062
23631.859413177706,325291.4736490194
23634.50376902311,192963.41335776605
23637.14585113176,540066.3044144535
23639.78793324041,558928.73192933
23642.432289085817,341284.6329821629
23645.074371194467,563227.784654334
23647.716453303117,373884.1633236093
23650.360809148522,547508.3715052782
23653.002891257172,430128.5664006302
23655.647247102577,202646.77603634645
23658.289329211228,548056.0854090365
23660.931411319878,394905.1055887231
23663.575767165283,405780.6661129819
23666.217849273933,349562.97129195475
23668.859931382583,484286.8644645257
23671.50428722799,572351.385234676
23674.14636933664,502559.39421555126
23676.78845144529,433385.2689415797
23679.432807290694,263692.28795853275
23682.074889399344,541473.5760425694
23684.716971507994,671379.2583221655
23687.3613273534,229312.5520233739
23690.00340946205,431642.586269663
23692.647765307454,517605.62934978405
23695.289847416105,477294.33254425245
23697.931929524755,542246.3271357391
23700.57628537016,283638.82747098804
23703.21836747881,588995.2471948682
23705.86044958746,198859.40223365906
23708.504805432865,509675.9843860747
23711.146887541516,319952.3020583453
23713.788969650166,537652.221384093
23716.43332549557,568386.3383824824
23719.07540760422,436829.8650014262
23721.719763449626,481352.402853852
23724.361845558276,216799.49566022068
23727.003927666927,284612.8332051378
23729.64828351233,458151.9575292582
23732.290365620982,436144.398365114
23734.932447729632,466467.24028278474
23737.576803575037,196312.4825272771
23740.218885683687,314999.32593372674
23742.860967792338,367304.65978688386
23745.505323637743,383810.55880852224
23748.147405746393,259001.92935065954
23750.789487855043,294177.29188396456
23753.433843700448,454955.6714752315
23756.0759258091,321991.7681492467
23758.720281654503,549155.2172960901
23761.362363763154,325374.77624713094
23764.004445871804,504123.5274069641
23766.64880171721,326800.4910705013
23769.29088382586,358768.64572202566
23771.93296593451,434160.14897279855
23774.577321779914,390188.87150951993
23777.219403888565,412118.3579401799
23779.861485997215,327534.6800419065
23782.50584184262,229894.0690441912
23785.14792395127,340833.93536413787
23787.792279796675,362814.54806582845
23790.434361905325,322811.0013536529
23793.076444013976,444310.03969496454
23795.72079985938,263748.9052382811
23798.36288196803,490060.7152277342
23801.00496407668,354729.73872965504
23803.649319922086,451419.476556467
23806.291402030736,478428.3082538102
23808.933484139387,547099.1471344607
23811.57783998479,275805.4893756069
23814.21992209344,545051.9701484762
23816.862004202092,405379.2974041015
23819.506360047497,458127.99036432634
23822.148442156147,386638.6601723657
23824.792798001552,314101.98766388895
23827.434880110202,278992.7434885057
23830.076962218853,163107.9211014309
23832.721318064258,173051.4166399707
23835.363400172908,165362.59884703692
23838.00548228156,182379.55264759096
23840.649838126963,209492.99112964852
23843.291920235613,306961.682989545
23845.934002344264,256184.82361732784
23848.57835818967,268809.17594387266
23851.22044029832,250779.03567845124
23853.864796143724,324630.70242898364
23856.506878252374,311261.1958796288
23859.148960361024,186638.3486150958
23861.79331620643,373227.8611686996
23864.43539831508,312261.00551939075
23867.07748042373,265879.10400120675
23869.721836269135,292653.7121102173
23872.363918377785,329990.76472726214
23875.006000486435,232478.36801913395
23877.65035633184,308427.22468080843
23880.29243844049,217075.5201642461
23882.93452054914,523167.60196814133
23885.578876394546,312142.6434282375
23888.220958503196,316556.18806381535
23890.8653143486,374361.7948696951
23893.50739645725,184242.6916223594
23896.1494785659,442763.06881500245
23898.793834411306,392387.9931254032
23901.435916519957,345773.114599474
23904.077998628607,223272.06940408048
23906.72235447401,407143.0409612717
23909.364436582662,407734.74255227396
23912.006518691313,307785.524821736
23914.650874536717,433338.3914223553
23917.292956645368,494984.45105970657
23919.937312490772,298991.6755308454
23922.579394599423,250960.0183372578
23925.221476708073,266448.3969729812
23927.865832553478,315993.98529374937
23930.50791466213,239279.79717689767
23933.14999677078,546851.5969109758
23935.794352616183,350024.84888804215
23938.436434724834,378654.78576210927
23941.078516833484,454109.62642254034
23943.72287267889,406919.1062394345
23946.36495478754,444124.3743770656
23949.009310632944,308272.7732582871
23951.651392741594,391835.2495365949
23954.293474850245,433438.56903522194
23956.93783069565,295580.4657135604
23959.5799128043,463444.02326641895
23962.22199491295,482597.4277900211
23964.866350758355,479674.62699710653
23967.508432867005,235429.64415152045
23970.150514975656,508136.2735660895
23972.79487082106,438970.11065448757
23975.43695292971,452389.9297642473
23978.07903503836,327339.12059140526
23980.723390883766,190792.9529142107
23983.365472992416,458734.8558691693
23986.00982883782,352679.8991228934
23988.65191094647,399909.47243970155
23991.293993055122,246644.3195514092
23993.938348900527,584495.3538530419
